0.000000	0.000000
0.000000	0.000000
0.000001	0.000000
0.000005	0.000000
0.000017	0.000001
0.000041	0.000002
0.000084	0.000005
0.000156	0.000011
0.000265	0.000021
0.000423	0.000038
0.000642	0.000064
0.000936	0.000103
0.001319	0.000159
0.001807	0.000236
0.002416	0.000340
0.003164	0.000478
0.004068	0.000656
0.005147	0.000884
0.006420	0.001168
0.007906	0.001520
0.009624	0.001951
0.011594	0.002471
0.013834	0.003093
0.016363	0.003831
0.019201	0.004699
0.022364	0.005710
0.025870	0.006882
0.029736	0.008230
0.033977	0.009770
0.038607	0.011521
0.043640	0.013500
0.049087	0.015724
0.054959	0.018213
0.061265	0.020985
0.068011	0.024058
0.075204	0.027452
0.082847	0.031184
0.090942	0.035273
0.099488	0.039737
0.108483	0.044592
0.117923	0.049857
0.127802	0.055547
0.138111	0.061677
0.148839	0.068261
0.159974	0.075312
0.171500	0.082844
0.183399	0.090865
0.195654	0.099386
0.208243	0.108413
0.221141	0.117954
0.234324	0.128012
0.247765	0.138590
0.261435	0.149687
0.275302	0.161304
0.289335	0.173436
0.303499	0.186077
0.317760	0.199219
0.332080	0.212853
0.346423	0.226965
0.360749	0.241542
0.375020	0.256565
0.389195	0.272016
0.403234	0.287872
0.417095	0.304110
0.430738	0.320703
0.444122	0.337623
0.457204	0.354838
0.469946	0.372316
0.482306	0.390022
0.494246	0.407918
0.505726	0.425967
0.516709	0.444126
0.527159	0.462354
0.537040	0.480606
0.546319	0.498838
0.554965	0.517003
0.562947	0.535053
0.570236	0.552939
0.576808	0.570613
0.582637	0.588024
0.587704	0.605122
0.591987	0.621855
0.595471	0.638174
0.598142	0.654028
0.599989	0.669366
0.601002	0.684140
0.601177	0.698299
0.600509	0.711797
0.598999	0.724586
0.596649	0.736622
0.593466	0.747860
0.589456	0.758258
0.584633	0.767776
0.579009	0.776377
0.572602	0.784025
0.565430	0.790686
0.557516	0.796331
0.548884	0.800931
0.539562	0.804463
0.529578	0.806904
0.518964	0.808237
0.507753	0.808446
0.495981	0.807521
0.483685	0.805452
0.470904	0.802237
0.457678	0.797875
0.444048	0.792369
0.430058	0.785726
0.415750	0.777957
0.401170	0.769078
0.386361	0.759106
0.371370	0.748064
0.356242	0.735978
0.341021	0.722879
0.325754	0.708799
0.310485	0.693777
0.295258	0.677852
0.280117	0.661070
0.265104	0.643476
0.250260	0.625122
0.235625	0.606061
0.221237	0.586349
0.207134	0.566044
0.193349	0.545208
0.179917	0.523905
0.166868	0.502200
0.154230	0.480159
0.142030	0.457851
0.130291	0.435348
0.119035	0.412719
0.108281	0.390036
0.098043	0.367373
0.088335	0.344802
0.079168	0.322396
0.070549	0.300227
0.062482	0.278369
0.054969	0.256892
0.048008	0.235867
0.041597	0.215363
0.035727	0.195448
0.030388	0.176188
0.025570	0.157647
0.021256	0.139887
0.017429	0.122968
0.014068	0.106945
0.011152	0.091873
0.008656	0.077803
0.006552	0.064781
0.004812	0.052852
0.003405	0.042056
0.002300	0.032429
0.001461	0.024004
0.000855	0.016810
0.000444	0.010871
0.000191	0.006208
0.000059	0.002835
0.000008	0.000765
0.000000	0.000004
-0.000005	0.000556
-0.000046	0.002417
-0.000163	0.005583
-0.000394	0.010042
-0.000777	0.015778
-0.001350	0.022774
-0.002149	0.031004
-0.003210	0.040441
-0.004566	0.051053
-0.006251	0.062804
-0.008295	0.075654
-0.010727	0.089561
-0.013574	0.104476
-0.016862	0.120351
-0.020613	0.137131
-0.024849	0.154761
-0.029586	0.173181
-0.034840	0.192330
-0.040624	0.212145
-0.046949	0.232560
-0.053822	0.253506
-0.061246	0.274916
-0.069225	0.296719
-0.077757	0.318842
-0.086837	0.341215
-0.096459	0.363765
-0.106613	0.386419
-0.117286	0.409103
-0.128463	0.431745
-0.140126	0.454273
-0.152254	0.476617
-0.164824	0.498705
-0.177810	0.520469
-0.191183	0.541840
-0.204913	0.562755
-0.218968	0.583148
-0.233312	0.602959
-0.247910	0.622128
-0.262724	0.640598
-0.277713	0.658317
-0.292837	0.675232
-0.308053	0.691296
-0.323318	0.706465
-0.338588	0.720698
-0.353819	0.733956
-0.368965	0.746205
-0.383981	0.757416
-0.398822	0.767560
-0.413442	0.776615
-0.427796	0.784562
-0.441840	0.791386
-0.455530	0.797074
-0.468823	0.801619
-0.481678	0.805017
-0.494054	0.807267
-0.505912	0.808375
-0.517215	0.808346
-0.527926	0.807191
-0.538013	0.804926
-0.547443	0.801567
-0.556187	0.797135
-0.564217	0.791655
-0.571509	0.785154
-0.578039	0.777662
-0.583789	0.769211
-0.588741	0.759836
-0.592881	0.749575
-0.596197	0.738469
-0.598680	0.726558
-0.600324	0.713885
-0.601126	0.700498
-0.601086	0.686440
-0.600207	0.671762
-0.598492	0.656510
-0.595952	0.640735
-0.592597	0.624487
-0.588440	0.607816
-0.583497	0.590773
-0.577788	0.573409
-0.571333	0.555774
-0.564156	0.537918
-0.556283	0.519891
-0.547741	0.501741
-0.538561	0.483516
-0.528773	0.465264
-0.518412	0.447029
-0.507512	0.428856
-0.496108	0.410788
-0.484240	0.392865
-0.471944	0.375126
-0.459260	0.357609
-0.446229	0.340350
-0.432891	0.323381
-0.419287	0.306733
-0.405458	0.290437
-0.391445	0.274518
-0.377288	0.259001
-0.363030	0.243908
-0.348710	0.229259
-0.334367	0.215072
-0.320040	0.201361
-0.305768	0.188139
-0.291586	0.175418
-0.277530	0.163204
-0.263634	0.151505
-0.249931	0.140325
-0.236451	0.129664
-0.223225	0.119523
-0.210280	0.109900
-0.197640	0.100791
-0.185331	0.092190
-0.173373	0.084090
-0.161786	0.076481
-0.150588	0.069354
-0.139794	0.062696
-0.129418	0.056495
-0.119470	0.050736
-0.109959	0.045404
-0.100892	0.040484
-0.092274	0.035959
-0.084108	0.031812
-0.076393	0.028024
-0.069128	0.024577
-0.062311	0.021454
-0.055936	0.018636
-0.049995	0.016103
-0.044481	0.013837
-0.039383	0.011821
-0.034689	0.010035
-0.030387	0.008462
-0.026462	0.007085
-0.022900	0.005886
-0.019683	0.004850
-0.016795	0.003961
-0.014217	0.003203
-0.011932	0.002563
-0.009921	0.002028
-0.008164	0.001584
-0.006642	0.001220
-0.005337	0.000925
-0.004228	0.000689
-0.003297	0.000504
-0.002526	0.000360
-0.001895	0.000251
-0.001389	0.000170
-0.000991	0.000111
-0.000684	0.000070
-0.000454	0.000042
-0.000287	0.000023
-0.000171	0.000012
-0.000094	0.000006
-0.000046	0.000002
-0.000020	0.000001
-0.000007	0.000000
-0.000001	0.000000
-0.000000	0.000000
-0.000000	0.000000
-0.000000	-0.000000
-0.000001	-0.000000
-0.000004	-0.000000
-0.000014	-0.000001
-0.000036	-0.000002
-0.000076	-0.000004
-0.000142	-0.000010
-0.000245	-0.000019
-0.000394	-0.000035
-0.000603	-0.000059
-0.000883	-0.000096
-0.001251	-0.000149
-0.001721	-0.000222
-0.002310	-0.000322
-0.003034	-0.000454
-0.003913	-0.000625
-0.004963	-0.000844
-0.006203	-0.001119
-0.007654	-0.001459
-0.009334	-0.001877
-0.011262	-0.002382
-0.013457	-0.002987
-0.015939	-0.003705
-0.018727	-0.004551
-0.021837	-0.005539
-0.025287	-0.006684
-0.029095	-0.008002
-0.033275	-0.009511
-0.037842	-0.011227
-0.042810	-0.013168
-0.048190	-0.015352
-0.053994	-0.017797
-0.060229	-0.020523
-0.066905	-0.023547
-0.074026	-0.026888
-0.081597	-0.030565
-0.089620	-0.034596
-0.098094	-0.038999
-0.107018	-0.043791
-0.116388	-0.048989
-0.126197	-0.054610
-0.136438	-0.060669
-0.147100	-0.067179
-0.158171	-0.074156
-0.169635	-0.081610
-0.181477	-0.089552
-0.193676	-0.097992
-0.206213	-0.106939
-0.219063	-0.116397
-0.232203	-0.126372
-0.245605	-0.136867
-0.259240	-0.147882
-0.273077	-0.159416
-0.287086	-0.171466
-0.301232	-0.184026
-0.315479	-0.197089
-0.329793	-0.210645
-0.344135	-0.224682
-0.358466	-0.239186
-0.372749	-0.254139
-0.386942	-0.269523
-0.401005	-0.285316
-0.414897	-0.301495
-0.428578	-0.318033
-0.442005	-0.334903
-0.455139	-0.352073
-0.467938	-0.369512
-0.480361	-0.387183
-0.492371	-0.405052
-0.503926	-0.423079
-0.514991	-0.441223
-0.525529	-0.459442
-0.535503	-0.477694
-0.544881	-0.495932
-0.553629	-0.514111
-0.561719	-0.532183
-0.569121	-0.550099
-0.575808	-0.567810
-0.581758	-0.585266
-0.586947	-0.602417
-0.591357	-0.619212
-0.594970	-0.635600
-0.597771	-0.651532
-0.599750	-0.666956
-0.600897	-0.681823
-0.601205	-0.696083
-0.600672	-0.709690
-0.599296	-0.722596
-0.597080	-0.734755
-0.594029	-0.746123
-0.590151	-0.756658
-0.585456	-0.766320
-0.579958	-0.775069
-0.573674	-0.782871
-0.566623	-0.789692
-0.558825	-0.795501
-0.550306	-0.800270
-0.541092	-0.803973
-0.531211	-0.806589
-0.520694	-0.808100
-0.509576	-0.808488
-0.497891	-0.807744
-0.485675	-0.805858
-0.472968	-0.802826
-0.459810	-0.798646
-0.446241	-0.793321
-0.432305	-0.786858
-0.418045	-0.779268
-0.403504	-0.770563
-0.388729	-0.760763
-0.373763	-0.749889
-0.358653	-0.737967
-0.343444	-0.725027
-0.328181	-0.711100
-0.312909	-0.696225
-0.297672	-0.680440
-0.282514	-0.663790
-0.267477	-0.646322
-0.252603	-0.628085
-0.237932	-0.609132
-0.223503	-0.589518
-0.209351	-0.569303
-0.195514	-0.548547
-0.182024	-0.527314
-0.168911	-0.505667
-0.156206	-0.483674
-0.143935	-0.461404
-0.132121	-0.438926
-0.120787	-0.416311
-0.109951	-0.393632
-0.099630	-0.370961
-0.089838	-0.348369
-0.080584	-0.325932
-0.071877	-0.303720
-0.063723	-0.281807
-0.056122	-0.260265
-0.049074	-0.239163
-0.042575	-0.218571
-0.036620	-0.198558
-0.031198	-0.179190
-0.026298	-0.160531
-0.021906	-0.142643
-0.018003	-0.125586
-0.014570	-0.109418
-0.011585	-0.094191
-0.009024	-0.079959
-0.006860	-0.066768
-0.005064	-0.054663
-0.003607	-0.043685
-0.002456	-0.033871
-0.001577	-0.025254
-0.000937	-0.017864
-0.000497	-0.011725
-0.000222	-0.006859
-0.000073	-0.003281
-0.000012	-0.001005
-0.000000	-0.000037
0.000003	-0.000381
0.000036	-0.002037
0.000138	-0.004997
0.000348	-0.009253
0.000705	-0.014789
0.001245	-0.021588
0.002006	-0.029625
0.003024	-0.038874
0.004331	-0.049303
0.005962	-0.060878
0.007947	-0.073558
0.010317	-0.087301
0.013097	-0.102061
0.016314	-0.117789
0.019991	-0.134430
0.024149	-0.151930
0.028806	-0.170231
0.033978	-0.189270
0.039678	-0.208985
0.045918	-0.229310
0.052704	-0.250178
0.060041	-0.271520
0.067933	-0.293266
0.076378	-0.315344
0.085373	-0.337683
0.094910	-0.360211
0.104982	-0.382853
0.115574	-0.405538
0.126674	-0.428192
0.138262	-0.450744
0.150319	-0.473121
0.162821	-0.495255
0.175744	-0.517074
0.189058	-0.538513
0.202735	-0.559504
0.216741	-0.579983
0.231043	-0.599890
0.245604	-0.619164
0.260386	-0.637748
0.275351	-0.655588
0.290457	-0.672633
0.305662	-0.688835
0.320922	-0.704147
0.336195	-0.718530
0.351436	-0.731943
0.366598	-0.744353
0.381638	-0.755728
0.396510	-0.766042
0.411167	-0.775269
0.425566	-0.783391
0.439662	-0.790391
0.453411	-0.796258
0.466769	-0.800982
0.479696	-0.804560
0.492150	-0.806991
0.504092	-0.808277
0.515484	-0.808425
0.526291	-0.807446
0.536477	-0.805353
0.546012	-0.802164
0.554865	-0.797898
0.563009	-0.792581
0.570418	-0.786237
0.577069	-0.778897
0.582943	-0.770593
0.588021	-0.761361
0.592288	-0.751236
0.595734	-0.740258
0.598347	-0.728470
0.600123	-0.715913
0.601057	-0.702634
0.601148	-0.688678
0.600399	-0.674093
0.598815	-0.658927
0.596403	-0.643230
0.593174	-0.627052
0.589140	-0.610443
0.584319	-0.593455
0.578728	-0.576137
0.572388	-0.558540
0.565322	-0.540715
0.557555	-0.522711
0.549116	-0.504576
0.540033	-0.486360
0.530338	-0.468109
0.520063	-0.449868
0.509244	-0.431682
0.497916	-0.413594
0.486117	-0.395645
0.473885	-0.377875
0.461259	-0.360321
0.448279	-0.343018
0.434986	-0.326002
0.421420	-0.309302
0.407623	-0.292949
0.393635	-0.276969
0.379498	-0.261388
0.365253	-0.246227
0.350939	-0.231508
0.336597	-0.217247
0.322265	-0.203461
0.307981	-0.190162
0.293782	-0.177362
0.279704	-0.165069
0.265781	-0.153289
0.252046	-0.142027
0.238529	-0.131286
0.225262	-0.121064
0.212270	-0.111361
0.199581	-0.102172
0.187219	-0.093492
0.175205	-0.085315
0.163559	-0.077630
0.152299	-0.070429
0.141442	-0.063698
0.130999	-0.057427
0.120984	-0.051600
0.111405	-0.046204
0.102269	-0.041221
0.093581	-0.036635
0.085344	-0.032430
0.077559	-0.028588
0.070225	-0.025090
0.063338	-0.021918
0.056895	-0.019053
0.050887	-0.016477
0.045307	-0.014171
0.040145	-0.012117
0.035390	-0.010297
0.031028	-0.008692
0.027046	-0.007286
0.023428	-0.006061
0.020159	-0.005000
0.017221	-0.004089
0.014596	-0.003312
0.012267	-0.002655
0.010215	-0.002104
0.008420	-0.001647
0.006863	-0.001271
0.005525	-0.000966
0.004387	-0.000722
0.003430	-0.000529
0.002635	-0.000380
0.001984	-0.000266
0.001460	-0.000181
0.001046	-0.000119
0.000726	-0.000075
0.000485	-0.000045
0.000309	-0.000026
0.000186	-0.000014
0.000103	-0.000007
0.000052	-0.000003
0.000023	-0.000001
0.000008	-0.000000
0.000002	-0.000000
0.000000	-0.000000
0.000000	-0.000000
