0.000000	0.000000
0.000000	0.000000
0.000000	0.000000
0.000000	0.000000
0.000000	0.000000
0.000000	0.000000
0.000000	0.000000
0.000000	0.000000
0.000000	0.000000
0.000001	0.000000
0.000001	0.000000
0.000002	0.000000
0.000003	0.000000
0.000005	0.000001
0.000008	0.000001
0.000012	0.000002
0.000018	0.000003
0.000025	0.000004
0.000035	0.000006
0.000049	0.000009
0.000066	0.000013
0.000088	0.000019
0.000115	0.000026
0.000150	0.000035
0.000192	0.000047
0.000243	0.000062
0.000305	0.000081
0.000380	0.000105
0.000468	0.000135
0.000573	0.000171
0.000696	0.000215
0.000839	0.000269
0.001006	0.000333
0.001198	0.000410
0.001418	0.000502
0.001670	0.000610
0.001956	0.000736
0.002280	0.000884
0.002645	0.001057
0.003055	0.001256
0.003513	0.001485
0.004024	0.001749
0.004591	0.002050
0.005218	0.002393
0.005909	0.002782
0.006670	0.003222
0.007503	0.003717
0.008414	0.004274
0.009407	0.004897
0.010486	0.005593
0.011656	0.006367
0.012920	0.007227
0.014284	0.008179
0.015752	0.009229
0.017327	0.010386
0.019014	0.011658
0.020817	0.013051
0.022739	0.014575
0.024783	0.016237
0.026954	0.018047
0.029254	0.020014
0.031686	0.022146
0.034252	0.024453
0.036955	0.026945
0.039796	0.029630
0.042777	0.032519
0.045899	0.035622
0.049161	0.038948
0.052566	0.042508
0.056112	0.046311
0.059798	0.050367
0.063623	0.054686
0.067586	0.059277
0.071684	0.064151
0.075914	0.069316
0.080273	0.074782
0.084757	0.080557
0.089361	0.086651
0.094081	0.093070
0.098910	0.099825
0.103843	0.106920
0.108872	0.114365
0.113990	0.122164
0.119189	0.130325
0.124461	0.138853
0.129796	0.147751
0.135185	0.157025
0.140618	0.166678
0.146084	0.176713
0.151572	0.187130
0.157070	0.197933
0.162566	0.209120
0.168049	0.220692
0.173504	0.232646
0.178919	0.244981
0.184280	0.257694
0.189574	0.270779
0.194786	0.284232
0.199903	0.298047
0.204910	0.312216
0.209792	0.326731
0.214535	0.341584
0.219124	0.356763
0.223545	0.372257
0.227784	0.388055
0.231824	0.404142
0.235653	0.420505
0.239257	0.437128
0.242621	0.453996
0.245732	0.471089
0.248576	0.488392
0.251142	0.505884
0.253416	0.523545
0.255387	0.541355
0.257043	0.559292
0.258373	0.577333
0.259368	0.595456
0.260018	0.613636
0.260314	0.631850
0.260248	0.650072
0.259813	0.668276
0.259002	0.686437
0.257809	0.704527
0.256231	0.722521
0.254262	0.740391
0.251900	0.758109
0.249143	0.775647
0.245990	0.792979
0.242441	0.810077
0.238496	0.826912
0.234158	0.843457
0.229429	0.859685
0.224313	0.875568
0.218815	0.891080
0.212941	0.906193
0.206698	0.920883
0.200094	0.935122
0.193137	0.948888
0.185837	0.962154
0.178205	0.974897
0.170252	0.987095
0.161991	0.998725
0.153435	1.009767
0.144598	1.020200
0.135495	1.030004
0.126142	1.039163
0.116555	1.047659
0.106751	1.055475
0.096747	1.062599
0.086562	1.069016
0.076214	1.074714
0.065723	1.079682
0.055107	1.083912
0.044388	1.087395
0.033584	1.090125
0.022716	1.092095
0.011805	1.093304
0.000872	1.093748
-0.010063	1.093426
-0.020978	1.092339
-0.031854	1.090490
-0.042670	1.087881
-0.053404	1.084518
-0.064038	1.080407
-0.074550	1.075556
-0.084922	1.069973
-0.095134	1.063670
-0.105168	1.056659
-0.115006	1.048951
-0.124628	1.040563
-0.134020	1.031509
-0.143164	1.021806
-0.152044	1.011472
-0.160646	1.000526
-0.168955	0.988988
-0.176957	0.976880
-0.184642	0.964222
-0.191995	0.951038
-0.199008	0.937350
-0.205669	0.923185
-0.211970	0.908565
-0.217903	0.893517
-0.223461	0.878068
-0.228639	0.862242
-0.233430	0.846067
-0.237830	0.829571
-0.241838	0.812780
-0.245451	0.795723
-0.248667	0.778426
-0.251487	0.760919
-0.253912	0.743227
-0.255943	0.725380
-0.257583	0.707405
-0.258837	0.689328
-0.259709	0.671176
-0.260204	0.652977
-0.260328	0.634757
-0.260089	0.616540
-0.259495	0.598352
-0.258555	0.580219
-0.257277	0.562163
-0.255672	0.544207
-0.253751	0.526376
-0.251524	0.508689
-0.249004	0.491169
-0.246204	0.473835
-0.243134	0.456707
-0.239810	0.439803
-0.236244	0.423139
-0.232450	0.406734
-0.228442	0.390601
-0.224234	0.374757
-0.219841	0.359213
-0.215278	0.343983
-0.210558	0.329078
-0.205697	0.314508
-0.200709	0.300283
-0.195609	0.286411
-0.190411	0.272900
-0.185129	0.259756
-0.179778	0.246984
-0.174370	0.234588
-0.168921	0.222573
-0.163442	0.210940
-0.157947	0.199691
-0.152448	0.188828
-0.146958	0.178348
-0.141488	0.168253
-0.136049	0.158539
-0.130652	0.149205
-0.125308	0.140247
-0.120025	0.131661
-0.114814	0.123442
-0.109682	0.115585
-0.104638	0.108084
-0.099690	0.100933
-0.094844	0.094125
-0.090106	0.087652
-0.085483	0.081508
-0.080980	0.075682
-0.076601	0.070167
-0.072350	0.064955
-0.068230	0.060035
-0.064246	0.055400
-0.060399	0.051038
-0.056690	0.046941
-0.053122	0.043098
-0.049695	0.039500
-0.046410	0.036137
-0.043265	0.033000
-0.040262	0.030077
-0.037399	0.027360
-0.034674	0.024838
-0.032086	0.022502
-0.029633	0.020343
-0.027312	0.018350
-0.025121	0.016516
-0.023056	0.014830
-0.021115	0.013285
-0.019294	0.011871
-0.017589	0.010581
-0.015996	0.009406
-0.014511	0.008339
-0.013131	0.007372
-0.011851	0.006499
-0.010666	0.005711
-0.009573	0.005003
-0.008567	0.004369
-0.007643	0.003802
-0.006798	0.003297
-0.006026	0.002849
-0.005324	0.002452
-0.004686	0.002102
-0.004110	0.001794
-0.003591	0.001525
-0.003125	0.001290
-0.002707	0.001086
-0.002336	0.000910
-0.002005	0.000758
-0.001713	0.000629
-0.001456	0.000518
-0.001231	0.000424
-0.001035	0.000345
-0.000864	0.000278
-0.000717	0.000223
-0.000591	0.000177
-0.000484	0.000140
-0.000393	0.000109
-0.000316	0.000085
-0.000252	0.000065
-0.000199	0.000049
-0.000156	0.000037
-0.000120	0.000027
-0.000092	0.000020
-0.000069	0.000014
-0.000051	0.000010
-0.000037	0.000007
-0.000027	0.000005
-0.000019	0.000003
-0.000013	0.000002
-0.000009	0.000001
-0.000006	0.000001
-0.000003	0.000000
-0.000002	0.000000
-0.000001	0.000000
-0.000001	0.000000
-0.000000	0.000000
-0.000000	0.000000
-0.000000	0.000000
-0.000000	0.000000
-0.000000	0.000000
-0.000000	0.000000
-0.000000	0.000000
-0.000000	0.000000
-0.000000	0.000000
-0.000000	-0.000000
-0.000000	-0.000000
-0.000000	-0.000000
-0.000000	-0.000000
-0.000000	-0.000000
-0.000000	-0.000000
-0.000000	-0.000000
-0.000000	-0.000000
-0.000001	-0.000000
-0.000001	-0.000000
-0.000002	-0.000000
-0.000003	-0.000000
-0.000005	-0.000001
-0.000007	-0.000001
-0.000011	-0.000002
-0.000017	-0.000003
-0.000024	-0.000004
-0.000034	-0.000006
-0.000046	-0.000009
-0.000063	-0.000013
-0.000084	-0.000018
-0.000110	-0.000025
-0.000144	-0.000033
-0.000184	-0.000045
-0.000234	-0.000059
-0.000294	-0.000078
-0.000367	-0.000101
-0.000453	-0.000130
-0.000555	-0.000165
-0.000675	-0.000208
-0.000815	-0.000260
-0.000978	-0.000322
-0.001165	-0.000397
-0.001381	-0.000486
-0.001628	-0.000591
-0.001908	-0.000715
-0.002226	-0.000859
-0.002584	-0.001027
-0.002986	-0.001222
-0.003437	-0.001447
-0.003939	-0.001704
-0.004496	-0.001999
-0.005113	-0.002335
-0.005794	-0.002717
-0.006544	-0.003148
-0.007365	-0.003634
-0.008263	-0.004181
-0.009243	-0.004793
-0.010308	-0.005477
-0.011463	-0.006238
-0.012712	-0.007084
-0.014060	-0.008020
-0.015511	-0.009055
-0.017068	-0.010194
-0.018737	-0.011447
-0.020521	-0.012820
-0.022424	-0.014323
-0.024449	-0.015962
-0.026599	-0.017748
-0.028879	-0.019689
-0.031289	-0.021794
-0.033834	-0.024073
-0.036515	-0.026534
-0.039334	-0.029188
-0.042292	-0.032044
-0.045391	-0.035112
-0.048631	-0.038402
-0.052013	-0.041924
-0.055536	-0.045687
-0.059200	-0.049702
-0.063003	-0.053979
-0.066944	-0.058526
-0.071021	-0.063354
-0.075230	-0.068472
-0.079569	-0.073889
-0.084033	-0.079615
-0.088619	-0.085657
-0.093320	-0.092024
-0.098133	-0.098724
-0.103049	-0.105765
-0.108063	-0.113153
-0.113168	-0.120896
-0.118355	-0.128999
-0.123615	-0.137467
-0.128941	-0.146306
-0.134322	-0.155520
-0.139749	-0.165113
-0.145211	-0.175086
-0.150696	-0.185443
-0.156193	-0.196185
-0.161691	-0.207311
-0.167176	-0.218822
-0.172637	-0.230716
-0.178059	-0.242990
-0.183430	-0.255643
-0.188736	-0.268670
-0.193962	-0.282065
-0.199095	-0.295823
-0.204121	-0.309936
-0.209024	-0.324397
-0.213790	-0.339197
-0.218405	-0.354325
-0.222854	-0.369771
-0.227122	-0.385521
-0.231195	-0.401564
-0.235059	-0.417884
-0.238699	-0.434468
-0.242102	-0.451298
-0.245254	-0.468357
-0.248142	-0.485628
-0.250753	-0.503091
-0.253074	-0.520727
-0.255094	-0.538516
-0.256801	-0.556434
-0.258184	-0.574461
-0.259233	-0.592573
-0.259938	-0.610746
-0.260291	-0.628957
-0.260283	-0.647179
-0.259907	-0.665389
-0.259156	-0.683558
-0.258024	-0.701662
-0.256507	-0.719674
-0.254600	-0.737565
-0.252301	-0.755309
-0.249607	-0.772879
-0.246517	-0.790246
-0.243030	-0.807383
-0.239148	-0.824262
-0.234871	-0.840855
-0.230204	-0.857135
-0.225149	-0.873075
-0.219711	-0.888648
-0.213897	-0.903827
-0.207711	-0.918585
-0.201163	-0.932899
-0.194261	-0.946741
-0.187015	-0.960088
-0.179434	-0.972916
-0.171531	-0.985202
-0.163318	-0.996923
-0.154808	-1.008060
-0.146014	-1.018590
-0.136952	-1.028496
-0.127637	-1.037758
-0.118086	-1.046360
-0.108315	-1.054286
-0.098341	-1.061520
-0.088183	-1.068049
-0.077860	-1.073862
-0.067389	-1.078946
-0.056792	-1.083293
-0.046087	-1.086895
-0.035295	-1.089744
-0.024436	-1.091835
-0.013530	-1.093164
-0.002599	-1.093728
0.008337	-1.093527
0.019258	-1.092561
0.030141	-1.090832
0.040968	-1.088343
0.051717	-1.085098
0.062368	-1.081105
0.072901	-1.076369
0.083297	-1.070901
0.093536	-1.064711
0.103599	-1.057810
0.113469	-1.050212
0.123127	-1.041929
0.132556	-1.032979
0.141740	-1.023377
0.150663	-1.013141
0.159310	-1.002290
0.167666	-0.990843
0.175718	-0.978823
0.183454	-0.966250
0.190860	-0.953147
0.197927	-0.939537
0.204645	-0.925444
0.211003	-0.910894
0.216995	-0.895912
0.222613	-0.880523
0.227850	-0.864754
0.232702	-0.848632
0.237165	-0.832184
0.241234	-0.815437
0.244909	-0.798420
0.248188	-0.781159
0.251070	-0.763682
0.253557	-0.746017
0.255650	-0.728192
0.257352	-0.710235
0.258666	-0.692171
0.259597	-0.674029
0.260151	-0.655836
0.260333	-0.637616
0.260150	-0.619397
0.259612	-0.601203
0.258725	-0.583059
0.257499	-0.564988
0.255945	-0.547015
0.254072	-0.529163
0.251893	-0.511452
0.249418	-0.493904
0.246661	-0.476539
0.243632	-0.459377
0.240347	-0.442436
0.236818	-0.425733
0.233058	-0.409286
0.229083	-0.393109
0.224905	-0.377218
0.220541	-0.361626
0.216003	-0.346346
0.211307	-0.331389
0.206467	-0.316765
0.201498	-0.302486
0.196414	-0.288558
0.191230	-0.274989
0.185960	-0.261787
0.180619	-0.248956
0.175219	-0.236501
0.169775	-0.224426
0.164300	-0.212733
0.158806	-0.201424
0.153307	-0.190500
0.147815	-0.179960
0.142341	-0.169805
0.136896	-0.160031
0.131492	-0.150638
0.126139	-0.141621
0.120846	-0.132977
0.115622	-0.124700
0.110478	-0.116787
0.105419	-0.109231
0.100455	-0.102026
0.095593	-0.095165
0.090838	-0.088640
0.086196	-0.082445
0.081674	-0.076570
0.077275	-0.071007
0.073004	-0.065748
0.068864	-0.060783
0.064858	-0.056104
0.060989	-0.051700
0.057259	-0.047562
0.053668	-0.043680
0.050219	-0.040045
0.046912	-0.036646
0.043746	-0.033474
0.040720	-0.030518
0.037835	-0.027769
0.035089	-0.025218
0.032480	-0.022854
0.030006	-0.020667
0.027665	-0.018650
0.025453	-0.016791
0.023369	-0.015083
0.021409	-0.013516
0.019569	-0.012083
0.017846	-0.010774
0.016236	-0.009582
0.014735	-0.008498
0.013339	-0.007516
0.012043	-0.006629
0.010844	-0.005828
0.009737	-0.005108
0.008718	-0.004463
0.007781	-0.003886
0.006924	-0.003372
0.006141	-0.002915
0.005428	-0.002510
0.004781	-0.002153
0.004196	-0.001839
0.003668	-0.001564
0.003194	-0.001325
0.002769	-0.001116
0.002390	-0.000936
0.002054	-0.000780
0.001756	-0.000647
0.001494	-0.000534
0.001264	-0.000437
0.001063	-0.000356
0.000889	-0.000288
0.000739	-0.000231
0.000610	-0.000184
0.000499	-0.000145
0.000406	-0.000114
0.000327	-0.000088
0.000261	-0.000068
0.000207	-0.000051
0.000162	-0.000038
0.000125	-0.000028
0.000096	-0.000021
0.000072	-0.000015
0.000054	-0.000010
0.000039	-0.000007
0.000028	-0.000005
0.000020	-0.000003
0.000014	-0.000002
0.000009	-0.000001
0.000006	-0.000001
0.000004	-0.000000
0.000002	-0.000000
0.000001	-0.000000
0.000001	-0.000000
0.000000	-0.000000
0.000000	-0.000000
0.000000	-0.000000
0.000000	-0.000000
0.000000	-0.000000
0.000000	-0.000000
0.000000	-0.000000
0.000000	-0.000000
0.000000	-0.000000
