0.000000	0.707107	1.000000	-0.000000
0.049979	0.774167	0.995004	-0.099833
0.099833	0.833492	0.980067	-0.198669
0.149438	0.884489	0.955336	-0.295520
0.198669	0.926649	0.921061	-0.389419
0.247404	0.959550	0.877582	-0.479426
0.295520	0.982863	0.825336	-0.564643
0.342898	0.996356	0.764842	-0.644218
0.389418	0.999893	0.696707	-0.717356
0.434966	0.993440	0.621610	-0.783327
0.479426	0.977061	0.540302	-0.841471
0.522687	0.950920	0.453596	-0.891207
0.564643	0.915277	0.362358	-0.932039
0.605186	0.870489	0.267498	-0.963558
0.644218	0.817003	0.169967	-0.985450
0.681639	0.755354	0.070737	-0.997495
0.717356	0.686158	-0.029200	-0.999574
0.751280	0.610106	-0.128845	-0.991665
0.783327	0.527958	-0.227202	-0.973848
0.813416	0.440535	-0.323290	-0.946300
0.841471	0.348710	-0.416147	-0.909297
0.867423	0.253401	-0.504846	-0.863209
0.891207	0.155560	-0.588501	-0.808496
0.912764	0.056165	-0.666276	-0.745705
0.932039	-0.043791	-0.737394	-0.675463
0.948985	-0.143310	-0.801143	-0.598472
0.963558	-0.241397	-0.856889	-0.515502
0.975723	-0.337072	-0.904072	-0.427380
0.985450	-0.429379	-0.942222	-0.334989
0.992713	-0.517396	-0.970958	-0.239250
0.997495	-0.600243	-0.989992	-0.141121
0.999784	-0.677093	-0.999135	-0.041581
0.999574	-0.747177	-0.998295	0.058373
0.996865	-0.809796	-0.987480	0.157745
0.991665	-0.864324	-0.966798	0.255540
0.983986	-0.910216	-0.936457	0.350782
0.973848	-0.947013	-0.896759	0.442519
0.961275	-0.974348	-0.848101	0.529835
0.946300	-0.991947	-0.790969	0.611857
0.928960	-0.999636	-0.725933	0.687765
0.909298	-0.997336	-0.653645	0.756801
0.887363	-0.985071	-0.574825	0.818276
0.863210	-0.962964	-0.490262	0.871575
0.836899	-0.931236	-0.400801	0.916165
0.808497	-0.890202	-0.307334	0.951601
0.778074	-0.840274	-0.210798	0.977530
0.745706	-0.781951	-0.112154	0.993691
0.711474	-0.715814	-0.012391	0.999923
0.675464	-0.642525	0.087497	0.996165
0.637766	-0.562817	0.186510	0.982453
0.598473	-0.477485	0.283660	0.958925
0.557685	-0.387382	0.377976	0.925816
0.515502	-0.293408	0.468515	0.883456
0.472032	-0.196503	0.554372	0.832269
0.427381	-0.097634	0.634691	0.772766
0.381662	0.002210	0.708668	0.705542
0.334990	0.102032	0.775564	0.631269
0.287479	0.200834	0.834711	0.550688
0.239251	0.297630	0.885518	0.464605
0.190424	0.391452	0.927477	0.373879
0.141122	0.481363	0.960169	0.279419
0.091466	0.566464	0.983268	0.182166
0.041582	0.645906	0.996542	0.083093
-0.008405	0.718893	0.999859	-0.016811
-0.058372	0.784698	0.993185	-0.116545
-0.108193	0.842662	0.976588	-0.215117
-0.157744	0.892207	0.950234	-0.311538
-0.206900	0.932837	0.914385	-0.404847
-0.255539	0.964147	0.869399	-0.494110
-0.303540	0.985823	0.815728	-0.578437
-0.350781	0.997649	0.753905	-0.656983
-0.397146	0.999507	0.684550	-0.728966
-0.442518	0.991378	0.608355	-0.793665
-0.486785	0.973343	0.526082	-0.850434
-0.529834	0.945584	0.438551	-0.898706
-0.571559	0.908376	0.346640	-0.937998
-0.611856	0.862093	0.251264	-0.967918
-0.650623	0.807195	0.153379	-0.988168
-0.687764	0.744232	0.053960	-0.998543
-0.723186	0.673833	-0.045997	-0.998942
-0.756801	0.596702	-0.145495	-0.989359
-0.788524	0.513608	-0.243539	-0.969891
-0.818276	0.425382	-0.339150	-0.940732
-0.845982	0.332906	-0.431372	-0.902174
-0.871575	0.237104	-0.519285	-0.854601
-0.894989	0.138932	-0.602009	-0.798489
-0.916165	0.039373	-0.678717	-0.734399
-0.935052	-0.060580	-0.748644	-0.662971
-0.951602	-0.159928	-0.811091	-0.584919
-0.965773	-0.257678	-0.865434	-0.501023
-0.977530	-0.352853	-0.911129	-0.412120
-0.986844	-0.444503	-0.947721	-0.319099
-0.993691	-0.531711	-0.974843	-0.222891
-0.998054	-0.613606	-0.992225	-0.124455
-0.999923	-0.689371	-0.999693	-0.024775
-0.999293	-0.758247	-0.997172	0.075151
-0.996165	-0.819548	-0.984688	0.174327
-0.990546	-0.872659	-0.962365	0.271762
-0.982453	-0.917051	-0.930426	0.366480
-0.971903	-0.952280	-0.889191	0.457538
-0.958924	-0.977995	-0.839071	0.544023
-0.943548	-0.993937	-0.780567	0.625073
-0.925814	-0.999948	-0.714264	0.699877
-0.905766	-0.995968	-0.640824	0.767688
-0.883454	-0.982037	-0.560982	0.827829
-0.858934	-0.958293	-0.475534	0.879698
-0.832266	-0.924974	-0.385335	0.922777
-0.803519	-0.882413	-0.291285	0.956636
-0.772763	-0.831036	-0.194325	0.980937
-0.740076	-0.771354	-0.095424	0.995437
-0.705538	-0.703966	0.004431	0.999990
-0.669238	-0.629544	0.104242	0.994552
-0.631264	-0.548831	0.203011	0.979176
-0.591713	-0.462635	0.299752	0.954017
-0.550683	-0.371816	0.393497	0.919326
-0.508276	-0.277282	0.483311	0.875448
-0.464599	-0.179978	0.568296	0.822824
-0.419760	-0.080875	0.647602	0.761978
-0.373873	0.019035	0.720438	0.693519
-0.327050	0.118756	0.786076	0.618130
-0.279411	0.217290	0.843859	0.536565
-0.231073	0.313653	0.893210	0.449638
-0.182157	0.406882	0.933637	0.358219
-0.132787	0.496046	0.964735	0.263221
-0.083084	0.580253	0.986194	0.165593
-0.033173	0.658662	0.997799	0.066310
0.016820	0.730490	0.999434	-0.033635
0.066771	0.795020	0.991083	-0.133244
0.116555	0.851605	0.972830	-0.231522
0.166048	0.899682	0.944856	-0.327486
0.215127	0.938769	0.907441	-0.420179
0.263667	0.968477	0.860960	-0.508673
0.311548	0.988507	0.805876	-0.592084
0.358651	0.998661	0.742740	-0.669580
0.404857	0.998836	0.672182	-0.740385
0.450051	0.989032	0.594909	-0.803793
0.494120	0.969345	0.511691	-0.859169
0.536954	0.939972	0.423360	-0.905961
0.578446	0.901208	0.330800	-0.943701
0.618493	0.853439	0.234934	-0.972011
0.656993	0.797142	0.136721	-0.990610
0.693851	0.732881	0.037141	-0.999310
0.728975	0.661297	-0.062809	-0.998026
0.762277	0.583106	-0.162132	-0.986769
0.793674	0.499088	-0.259835	-0.965653
0.823086	0.410084	-0.354943	-0.934888
0.850442	0.316982	-0.446503	-0.894783
0.875672	0.220713	-0.533602	-0.845737
0.898713	0.122238	-0.615369	-0.788240
0.919507	0.022542	-0.690988	-0.722868
0.938004	-0.077379	-0.759702	-0.650272
0.954155	-0.176527	-0.820826	-0.571180
0.967922	-0.273911	-0.873748	-0.486380
0.979270	-0.368558	-0.917940	-0.396721
0.988170	-0.459523	-0.952960	-0.303098
0.994600	-0.545896	-0.978458	-0.206446
0.998544	-0.626815	-0.994180	-0.107731
0.999992	-0.701471	-0.999968	-0.007940
0.998941	-0.769118	-0.995765	0.091930
0.995393	-0.829080	-0.981613	0.190882
0.989356	-0.880758	-0.957652	0.287926
0.980847	-0.923636	-0.924123	0.382094
0.969887	-0.957285	-0.881360	0.472444
0.956502	-0.981369	-0.829791	0.558073
0.940726	-0.995647	-0.769931	0.638126
0.922599	-0.999978	-0.702378	0.711804
0.902166	-0.994317	-0.627806	0.778369
0.879478	-0.978720	-0.546962	0.837156
0.854592	-0.953345	-0.460653	0.887580
0.827569	-0.918444	-0.369741	0.929134
0.798478	-0.874367	-0.275135	0.961405
0.767392	-0.821552	-0.177780	0.984070
0.734387	-0.760529	-0.078648	0.996902
0.699547	-0.691907	0.021269	0.999774
0.662958	-0.616372	0.120974	0.992656
0.624712	-0.534678	0.219470	0.975619
0.584905	-0.447642	0.315774	0.948835
0.543635	-0.356133	0.408922	0.912570
0.501007	-0.261065	0.497984	0.867187
0.457127	-0.163390	0.582071	0.813139
0.412104	-0.064081	0.660342	0.750966
0.366051	0.035868	0.732014	0.681290
0.319083	0.135458	0.796373	0.604807
0.271317	0.233695	0.852774	0.522281
0.222873	0.329597	0.900655	0.434536
0.173873	0.422205	0.939537	0.342449
0.124437	0.510596	0.969031	0.246941
0.074691	0.593884	0.988843	0.148965
0.024758	0.671238	0.998774	0.049501
-0.025237	0.741886	0.998726	-0.050458
-0.075169	0.805121	0.988699	-0.149912
-0.124913	0.860311	0.968793	-0.247869
-0.174345	0.906905	0.939207	-0.343349
-0.223341	0.944438	0.900237	-0.435398
-0.271779	0.972534	0.852272	-0.523097
-0.319537	0.990913	0.795792	-0.605570
-0.366497	0.999391	0.731359	-0.681991
-0.412541	0.997883	0.659620	-0.751599
-0.457553	0.986404	0.581289	-0.813696
-0.501422	0.965070	0.497151	-0.867664
-0.544038	0.934093	0.408045	-0.912961
-0.585294	0.893783	0.314862	-0.949137
-0.625087	0.844542	0.218533	-0.975829
-0.663317	0.786863	0.120020	-0.992771
-0.699890	0.721322	0.020309	-0.999794
-0.734713	0.648573	-0.079606	-0.996827
-0.767699	0.569344	-0.178725	-0.983899
-0.798767	0.484426	-0.276059	-0.961141
-0.827839	0.394668	-0.370634	-0.928779
-0.854841	0.300967	-0.461506	-0.887138
-0.879706	0.204259	-0.547767	-0.836632
-0.902373	0.105509	-0.628554	-0.777767
-0.922784	0.005705	-0.703061	-0.711130
-0.940889	-0.094155	-0.770544	-0.637388
-0.956642	-0.193075	-0.830327	-0.557278
-0.970003	-0.290066	-0.881814	-0.471599
-0.980941	-0.384158	-0.924490	-0.381208
-0.989426	-0.474412	-0.957928	-0.287009
-0.995439	-0.559926	-0.981796	-0.189941
-0.998963	-0.639845	-0.995853	-0.090976
-0.999990	-0.713372	-0.999960	0.008898
-0.998518	-0.779770	-0.994076	0.108684
-0.994550	-0.838377	-0.978260	0.207383
-0.988096	-0.888607	-0.952668	0.304011
-0.979173	-0.929958	-0.917558	0.397600
-0.967802	-0.962018	-0.873280	0.487217
-0.954012	-0.984465	-0.820276	0.571966
-0.937837	-0.997076	-0.759077	0.651000
-0.919319	-0.999724	-0.690293	0.723529
-0.898502	-0.992383	-0.614611	0.788829
-0.875440	-0.975127	-0.532789	0.846247
-0.850189	-0.948127	-0.445643	0.895210
-0.822814	-0.911654	-0.354044	0.935228
-0.793382	-0.866072	-0.258908	0.965902
-0.761966	-0.811836	-0.161185	0.986924
-0.728647	-0.749489	-0.061851	0.998085
-0.693506	-0.679653	0.038100	0.999274
-0.656631	-0.603026	0.137671	0.990478
-0.618116	-0.520373	0.235867	0.971786
-0.578055	-0.432522	0.331705	0.943383
-0.536550	-0.340348	0.424230	0.905555
-0.493703	-0.244774	0.512515	0.858679
-0.449622	-0.146755	0.595680	0.803223
-0.404418	-0.047269	0.672893	0.739741
-0.358203	0.052690	0.743382	0.668868
-0.311092	0.152122	0.806444	0.591312
-0.263204	0.250033	0.861448	0.507847
-0.214658	0.345447	0.907844	0.419309
-0.165575	0.437409	0.945170	0.326581
-0.116079	0.525001	0.973051	0.230589
-0.066292	0.607347	0.991211	0.132294
-0.016340	0.683624	0.999466	0.032677
