0.000000  0.000000
0.100000  0.100000
0.200000  0.200000
0.300000  0.300000
0.400000  0.400000
0.500000  0.500000
0.600000  0.600000
0.700000  0.700000
0.800000  0.800000
0.900000  0.900000
1.000000  1.000000
1.100000  0.900000
1.200000  0.800000
1.300000  0.700000
1.400000  0.600000
1.500000  0.500000
1.600000  0.400000
1.700000  0.300000
1.800000  0.200000
1.900000  0.100000
2.000000  0.0
2.100000  0.0
2.200000  0.0
2.300000  0.0
2.400000  0.0
2.500000  0.0
2.600000  0.0
2.700000  0.0
2.799999  0.0
2.899999  0.0
2.999999  0.0
3.099999  0.0
3.199999  0.0
3.299999  0.0
3.399999  0.0
3.499999  0.0
3.599999  0.0
3.699999  0.0
3.799999  0.0
3.899998  0.0
3.999998  0.0
4.099998  0.099998
4.199998  0.199998
4.299998  0.299998
4.399998  0.399998
4.499998  0.499998
4.599998  0.599998
4.699998  0.699998
4.799998  0.799998
4.899998  0.899998
4.999998  0.999998
5.099998  0.900002
5.199997  0.800003
5.299997  0.700003
5.399997  0.600003
5.499997  0.500003
5.599997  0.400003
5.699997  0.300003
5.799997  0.200003
5.899997  0.100003
5.999997  0.000003
6.099997  0.0
6.199996  0.0
6.299996  0.0
6.399996  0.0
6.499996  0.0
6.599996  0.0
6.699996  0.0
6.799996  0.0
6.899996  0.0
6.999996  0.0
7.099996  0.0
7.199996  0.0
7.299995  0.0
7.399995  0.0
7.499995  0.0
7.599995  0.0
7.699995  0.0
7.799995  0.0
7.899995  0.0
7.999995  0.0
8.099995  0.099995
8.199995  0.199995
8.299995  0.299995
8.399996  0.399996
8.499996  0.499996
8.599997  0.599997
8.699997  0.699997
8.799997  0.799997
8.899998  0.899998
8.999998  0.999998
9.099998  0.900002
9.199999  0.800001
9.299999  0.700001
9.400000  0.600000
9.500000  0.500000
9.600000  0.400000
9.700001  0.299999
9.800001  0.199999
9.900002  0.099998
10.000002  0.0
10.100002  0.0
10.200003  0.0
10.300003  0.0
10.400003  0.0
10.500004  0.0
10.600004  0.0
10.700005  0.0
10.800005  0.0
10.900005  0.0
11.000006  0.0
11.100006  0.0
11.200006  0.0
11.300007  0.0
11.400007  0.0
11.500008  0.0
11.600008  0.0
11.700008  0.0
11.800009  0.0
11.900009  0.0
12.000010  0.000010
12.100010  0.100010
12.200010  0.200010
12.300011  0.300011
12.400011  0.400011
12.500011  0.500011
12.600012  0.600012
12.700012  0.700012
12.800013  0.800013
12.900013  0.900013
13.000013  0.999987
13.100014  0.899986
13.200014  0.799986
13.300014  0.699986
13.400015  0.599985
13.500015  0.499985
13.600016  0.399984
13.700016  0.299984
13.800016  0.199984
13.900017  0.099983
14.000017  0.0
14.100018  0.0
14.200018  0.0
14.300018  0.0
14.400019  0.0
14.500019  0.0
14.600019  0.0
14.700020  0.0
14.800020  0.0
14.900021  0.0
15.000021  0.0
15.100021  0.0
15.200022  0.0
15.300022  0.0
15.400023  0.0
15.500023  0.0
15.600023  0.0
15.700024  0.0
15.800024  0.0
15.900024  0.0
16.000025  0.000025
16.100025  0.100025
16.200026  0.200026
16.300026  0.300026
16.400026  0.400026
16.500027  0.500027
16.600027  0.600027
16.700027  0.700027
16.800028  0.800028
16.900028  0.900028
17.000029  0.999971
17.100029  0.899971
17.200029  0.799971
17.300030  0.699970
17.400030  0.599970
17.500031  0.499969
17.600031  0.399969
17.700031  0.299969
17.800032  0.199968
17.900032  0.099968
18.000032  0.0
18.100033  0.0
18.200033  0.0
18.300034  0.0
18.400034  0.0
18.500034  0.0
18.600035  0.0
18.700035  0.0
18.800035  0.0
18.900036  0.0
19.000036  0.0
19.100037  0.0
19.200037  0.0
19.300037  0.0
19.400038  0.0
19.500038  0.0
19.600039  0.0
19.700039  0.0
19.800039  0.0
19.900040  0.0

 
4.000000   0.000000 
3.999950   0.010000 
3.999800   0.019999 
3.999550   0.029995 
3.999200   0.039989 
3.998750   0.049979 
3.998201   0.059964 
3.997551   0.069943 
3.996802   0.079915 
3.995953   0.089879 
3.995004   0.099833 
3.993956   0.109778 
3.992809   0.119712 
3.991562   0.129634 
3.990216   0.139543 
3.988771   0.149438 
3.987227   0.159318 
3.985585   0.169182 
3.983844   0.179030 
3.982004   0.188859 
3.980067   0.198669 
3.978031   0.208460 
3.975897   0.218230 
3.973666   0.227978 
3.971338   0.237703 
3.968912   0.247404 
3.966390   0.257081 
3.963771   0.266731 
3.961055   0.276356 
3.958244   0.285952 
3.955337   0.295520 
3.952334   0.305059 
3.949235   0.314567 
3.946042   0.324043 
3.942755   0.333487 
3.939373   0.342898 
3.935897   0.352274 
3.932327   0.361615 
3.928665   0.370920 
3.924909   0.380188 
3.921061   0.389418 
3.917121   0.398609 
3.913089   0.407760 
3.908966   0.416871 
3.904752   0.425939 
3.900447   0.434965 
3.896053   0.443948 
3.891568   0.452886 
3.886995   0.461779 
3.882333   0.470626 
3.877583   0.479425 
3.872745   0.488177 
3.867819   0.496880 
3.862807   0.505533 
3.857709   0.514136 
3.852525   0.522687 
3.847255   0.531186 
3.841901   0.539632 
3.836463   0.548024 
3.830941   0.556361 
3.825336   0.564642 
3.819648   0.572867 
3.813879   0.581035 
3.808028   0.589145 
3.802096   0.597195 
3.796084   0.605186 
3.789992   0.613117 
3.783822   0.620986 
3.777573   0.628793 
3.771246   0.636537 
3.764842   0.644217 
3.758362   0.651833 
3.751806   0.659384 
3.745175   0.666869 
3.738469   0.674288 
3.731689   0.681638 
3.724836   0.688921 
3.717911   0.696135 
3.710914   0.703279 
3.703846   0.710353 
3.696707   0.717356 
3.689499   0.724287 
3.682222   0.731146 
3.674876   0.737931 
3.667463   0.744643 
3.659984   0.751280 
3.652438   0.757842 
3.644827   0.764329 
3.637152   0.770739 
3.629412   0.777071 
3.621610   0.783327 
3.613746   0.789503 
3.605821   0.795601 
3.597834   0.801620 
3.589788   0.807558 
3.581684   0.813415 
3.573520   0.819191 
3.565300   0.824885 
3.557023   0.830497 
3.548690   0.836026 
3.540303   0.841471 
3.531861   0.846832 
3.523366   0.852108 
3.514819   0.857299 
3.506221   0.862404 
3.497572   0.867423 
3.488873   0.872355 
3.480125   0.877200 
3.471329   0.881957 
3.462486   0.886627 
3.453597   0.891207 
3.444662   0.895698 
3.435683   0.900100 
3.426660   0.904412 
3.417595   0.908633 
3.408488   0.912764 
3.399340   0.916803 
3.390152   0.920750 
3.380926   0.924606 
3.371661   0.928369 
3.362358   0.932039 
3.353020   0.935616 
3.343646   0.939099 
3.334238   0.942489 
3.324797   0.945784 
3.315323   0.948984 
3.305818   0.952090 
3.296282   0.955101 
3.286716   0.958016 
3.277122   0.960835 
3.267500   0.963558 
3.257851   0.966185 
3.248176   0.968715 
3.238477   0.971148 
3.228754   0.973484 
3.219008   0.975723 
3.209240   0.977864 
3.199451   0.979908 
3.189642   0.981853 
3.179814   0.983701 
3.169968   0.985450 
3.160105   0.987100 
3.150226   0.988652 
3.140333   0.990104 
3.130425   0.991458 
3.120504   0.992713 
3.110571   0.993868 
3.100627   0.994924 
3.090673   0.995881 
3.080710   0.996738 
3.070738   0.997495 
3.060760   0.998152 
3.050776   0.998710 
3.040786   0.999168 
3.030793   0.999526 
3.020796   0.999784 
3.010797   0.999942 
3.000797   1.000000 
2.990798   0.999958 
2.980799   0.999816 
2.970802   0.999574 
2.960808   0.999232 
2.950817   0.998790 
2.940832   0.998248 
2.930853   0.997606 
2.920880   0.996865 
2.910916   0.996024 
2.900960   0.995083 
2.891014   0.994043 
2.881080   0.992904 
2.871157   0.991665 
2.861247   0.990327 
2.851351   0.988890 
2.841469   0.987354 
2.831604   0.985719 
2.821755   0.983986 
2.811924   0.982155 
2.802112   0.980225 
2.792320   0.978197 
2.782549   0.976071 
2.772799   0.973848 
2.763072   0.971527 
2.753369   0.969109 
2.743690   0.966595 
2.734037   0.963983 
2.724411   0.961276 
2.714812   0.958472 
2.705242   0.955572 
2.695701   0.952577 
2.686191   0.949486 
2.676712   0.946301 
2.667265   0.943020 
2.657852   0.939646 
2.648473   0.936178 
2.639129   0.932616 
2.629821   0.928960 
2.620550   0.925212 
2.611317   0.921371 
2.602123   0.917439 
2.592968   0.913414 
2.583855   0.909298 
2.574782   0.905091 
2.565753   0.900794 
2.556767   0.896406 
2.547825   0.891929 
2.538929   0.887363 
2.530078   0.882708 
2.521275   0.877965 
2.512519   0.873134 
2.503812   0.868215 
2.495155   0.863210 
2.486548   0.858119 
2.477993   0.852941 
2.469490   0.847679 
2.461040   0.842331 
2.452644   0.836900 
2.444302   0.831384 
2.436016   0.825786 
2.427787   0.820105 
2.419614   0.814342 
2.411500   0.808497 
2.403445   0.802572 
2.395449   0.796566 
2.387514   0.790481 
2.379640   0.784317 
2.371828   0.778074 
2.364078   0.771754 
2.356393   0.765356 
2.348772   0.758882 
2.341215   0.752332 
2.333725   0.745706 
2.326302   0.739006 
2.318945   0.732233 
2.311657   0.725386 
2.304438   0.718466 
2.297288   0.711475 
2.290209   0.704412 
2.283200   0.697279 
2.276263   0.690076 
2.269399   0.682805 
2.262608   0.675465 
2.255890   0.668057 
2.249247   0.660583 
2.242678   0.653042 
2.236186   0.645436 
2.229770   0.637766 
2.223431   0.630032 
2.217170   0.622235 
2.210986   0.614376 
2.204882   0.606455 
2.198858   0.598474 
2.192913   0.590432 
2.187049   0.582332 
2.181266   0.574174 
2.175566   0.565958 
2.169948   0.557685 
2.164412   0.549357 
2.158961   0.540974 
2.153593   0.532537 
2.148310   0.524046 
2.143112   0.515503 
2.138000   0.506909 
2.132974   0.498263 
2.128035   0.489568 
2.123183   0.480824 
2.118419   0.472032 
2.113743   0.463193 
2.109155   0.454308 
2.104657   0.445377 
2.100248   0.436401 
2.095929   0.427382 
2.091700   0.418320 
2.087563   0.409216 
2.083516   0.400071 
2.079561   0.390887 
2.075698   0.381663 
2.071928   0.372401 
2.068251   0.363102 
2.064666   0.353766 
2.061175   0.344396 
2.057778   0.334990 
2.054476   0.325551 
2.051268   0.316080 
2.048154   0.306577 
2.045136   0.297043 
2.042213   0.287480 
2.039387   0.277888 
2.036656   0.268268 
2.034021   0.258622 
2.031483   0.248949 
2.029042   0.239252 
2.026698   0.229530 
2.024452   0.219786 
2.022303   0.210020 
2.020252   0.200232 
2.018298   0.190425 
2.016443   0.180599 
2.014686   0.170754 
2.013028   0.160893 
2.011469   0.151015 
2.010008   0.141122 
2.008646   0.131216 
2.007384   0.121296 
2.006220   0.111364 
2.005156   0.101420 
2.004192   0.091467 
2.003327   0.081505 
2.002562   0.071534 
2.001896   0.061556 
2.001331   0.051572 
2.000865   0.041583 
2.000499   0.031590 
2.000233   0.021593 
2.000067   0.011595 
2.000001   0.001595 
8.000000   0.000000 
7.999950   0.010000 
7.999800   0.019999 
7.999550   0.029995 
7.999200   0.039989 
7.998750   0.049979 
7.998201   0.059964 
7.997551   0.069943 
7.996802   0.079915 
7.995953   0.089879 
7.995004   0.099833 
7.993956   0.109778 
7.992809   0.119712 
7.991562   0.129634 
7.990216   0.139543 
7.988771   0.149438 
7.987227   0.159318 
7.985585   0.169182 
7.983844   0.179030 
7.982004   0.188859 
7.980067   0.198669 
7.978031   0.208460 
7.975897   0.218230 
7.973666   0.227978 
7.971338   0.237703 
7.968912   0.247404 
7.966390   0.257081 
7.963771   0.266731 
7.961055   0.276356 
7.958244   0.285952 
7.955337   0.295520 
7.952334   0.305059 
7.949235   0.314567 
7.946042   0.324043 
7.942755   0.333487 
7.939373   0.342898 
7.935897   0.352274 
7.932327   0.361615 
7.928665   0.370920 
7.924909   0.380188 
7.921061   0.389418 
7.917121   0.398609 
7.913089   0.407760 
7.908966   0.416871 
7.904752   0.425939 
7.900447   0.434965 
7.896053   0.443948 
7.891568   0.452886 
7.886995   0.461779 
7.882333   0.470626 
7.877583   0.479425 
7.872745   0.488177 
7.867819   0.496880 
7.862807   0.505533 
7.857709   0.514136 
7.852525   0.522687 
7.847255   0.531186 
7.841901   0.539632 
7.836463   0.548024 
7.830941   0.556361 
7.825336   0.564642 
7.819648   0.572867 
7.813879   0.581035 
7.808028   0.589145 
7.802096   0.597195 
7.796084   0.605186 
7.789992   0.613117 
7.783822   0.620986 
7.777573   0.628793 
7.771246   0.636537 
7.764842   0.644217 
7.758362   0.651833 
7.751806   0.659384 
7.745175   0.666869 
7.738469   0.674288 
7.731689   0.681638 
7.724836   0.688921 
7.717911   0.696135 
7.710914   0.703279 
7.703846   0.710353 
7.696707   0.717356 
7.689499   0.724287 
7.682222   0.731146 
7.674876   0.737931 
7.667463   0.744643 
7.659984   0.751280 
7.652438   0.757842 
7.644827   0.764329 
7.637152   0.770739 
7.629412   0.777071 
7.621610   0.783327 
7.613746   0.789503 
7.605821   0.795601 
7.597834   0.801620 
7.589788   0.807558 
7.581684   0.813415 
7.573520   0.819191 
7.565300   0.824885 
7.557023   0.830497 
7.548690   0.836026 
7.540303   0.841471 
7.531861   0.846832 
7.523366   0.852108 
7.514819   0.857299 
7.506221   0.862404 
7.497572   0.867423 
7.488873   0.872355 
7.480125   0.877200 
7.471329   0.881957 
7.462486   0.886627 
7.453597   0.891207 
7.444662   0.895698 
7.435683   0.900100 
7.426660   0.904412 
7.417595   0.908633 
7.408488   0.912764 
7.399340   0.916803 
7.390152   0.920750 
7.380926   0.924606 
7.371661   0.928369 
7.362358   0.932039 
7.353020   0.935616 
7.343646   0.939099 
7.334238   0.942489 
7.324797   0.945784 
7.315323   0.948984 
7.305818   0.952090 
7.296282   0.955101 
7.286716   0.958016 
7.277122   0.960835 
7.267500   0.963558 
7.257851   0.966185 
7.248176   0.968715 
7.238477   0.971148 
7.228754   0.973484 
7.219008   0.975723 
7.209240   0.977864 
7.199451   0.979908 
7.189642   0.981853 
7.179814   0.983701 
7.169968   0.985450 
7.160105   0.987100 
7.150226   0.988652 
7.140333   0.990104 
7.130425   0.991458 
7.120504   0.992713 
7.110571   0.993868 
7.100627   0.994924 
7.090673   0.995881 
7.080710   0.996738 
7.070738   0.997495 
7.060760   0.998152 
7.050776   0.998710 
7.040786   0.999168 
7.030793   0.999526 
7.020796   0.999784 
7.010797   0.999942 
7.000797   1.000000 
6.990798   0.999958 
6.980799   0.999816 
6.970802   0.999574 
6.960808   0.999232 
6.950817   0.998790 
6.940832   0.998248 
6.930853   0.997606 
6.920880   0.996865 
6.910916   0.996024 
6.900960   0.995083 
6.891014   0.994043 
6.881080   0.992904 
6.871157   0.991665 
6.861247   0.990327 
6.851351   0.988890 
6.841469   0.987354 
6.831604   0.985719 
6.821755   0.983986 
6.811924   0.982155 
6.802112   0.980225 
6.792320   0.978197 
6.782549   0.976071 
6.772799   0.973848 
6.763072   0.971527 
6.753369   0.969109 
6.743690   0.966595 
6.734037   0.963983 
6.724411   0.961276 
6.714812   0.958472 
6.705242   0.955572 
6.695701   0.952577 
6.686191   0.949486 
6.676712   0.946301 
6.667265   0.943020 
6.657852   0.939646 
6.648473   0.936178 
6.639129   0.932616 
6.629821   0.928960 
6.620550   0.925212 
6.611317   0.921371 
6.602123   0.917439 
6.592968   0.913414 
6.583855   0.909298 
6.574782   0.905091 
6.565753   0.900794 
6.556767   0.896406 
6.547825   0.891929 
6.538929   0.887363 
6.530078   0.882708 
6.521275   0.877965 
6.512519   0.873134 
6.503812   0.868215 
6.495155   0.863210 
6.486548   0.858119 
6.477993   0.852941 
6.469490   0.847679 
6.461040   0.842331 
6.452644   0.836900 
6.444302   0.831384 
6.436016   0.825786 
6.427787   0.820105 
6.419614   0.814342 
6.411500   0.808497 
6.403445   0.802572 
6.395449   0.796566 
6.387514   0.790481 
6.379640   0.784317 
6.371828   0.778074 
6.364078   0.771754 
6.356393   0.765356 
6.348772   0.758882 
6.341215   0.752332 
6.333725   0.745706 
6.326302   0.739006 
6.318945   0.732233 
6.311657   0.725386 
6.304438   0.718466 
6.297288   0.711475 
6.290209   0.704412 
6.283200   0.697279 
6.276263   0.690076 
6.269399   0.682805 
6.262608   0.675465 
6.255890   0.668057 
6.249247   0.660583 
6.242678   0.653042 
6.236186   0.645436 
6.229770   0.637766 
6.223431   0.630032 
6.217170   0.622235 
6.210986   0.614376 
6.204882   0.606455 
6.198858   0.598474 
6.192913   0.590432 
6.187049   0.582332 
6.181266   0.574174 
6.175566   0.565958 
6.169948   0.557685 
6.164412   0.549357 
6.158961   0.540974 
6.153593   0.532537 
6.148310   0.524046 
6.143112   0.515503 
6.138000   0.506909 
6.132974   0.498263 
6.128035   0.489568 
6.123183   0.480824 
6.118419   0.472032 
6.113743   0.463193 
6.109155   0.454308 
6.104657   0.445377 
6.100248   0.436401 
6.095929   0.427382 
6.091700   0.418320 
6.087563   0.409216 
6.083516   0.400071 
6.079561   0.390887 
6.075698   0.381663 
6.071928   0.372401 
6.068251   0.363102 
6.064666   0.353766 
6.061175   0.344396 
6.057778   0.334990 
6.054476   0.325551 
6.051268   0.316080 
6.048154   0.306577 
6.045136   0.297043 
6.042213   0.287480 
6.039387   0.277888 
6.036656   0.268268 
6.034021   0.258622 
6.031483   0.248949 
6.029042   0.239252 
6.026698   0.229530 
6.024452   0.219786 
6.022303   0.210020 
6.020252   0.200232 
6.018298   0.190425 
6.016443   0.180599 
6.014686   0.170754 
6.013028   0.160893 
6.011469   0.151015 
6.010008   0.141122 
6.008646   0.131216 
6.007384   0.121296 
6.006220   0.111364 
6.005156   0.101420 
6.004192   0.091467 
6.003327   0.081505 
6.002562   0.071534 
6.001896   0.061556 
6.001331   0.051572 
6.000865   0.041583 
6.000499   0.031590 
6.000233   0.021593 
6.000067   0.011595 
6.000001   0.001595 
12.000000   0.000000 
11.999950   0.010000 
11.999800   0.019999 
11.999550   0.029995 
11.999200   0.039989 
11.998750   0.049979 
11.998201   0.059964 
11.997551   0.069943 
11.996802   0.079915 
11.995953   0.089879 
11.995004   0.099833 
11.993956   0.109778 
11.992809   0.119712 
11.991562   0.129634 
11.990216   0.139543 
11.988771   0.149438 
11.987227   0.159318 
11.985585   0.169182 
11.983844   0.179030 
11.982004   0.188859 
11.980067   0.198669 
11.978031   0.208460 
11.975897   0.218230 
11.973666   0.227978 
11.971338   0.237703 
11.968912   0.247404 
11.966390   0.257081 
11.963771   0.266731 
11.961055   0.276356 
11.958244   0.285952 
11.955337   0.295520 
11.952334   0.305059 
11.949235   0.314567 
11.946042   0.324043 
11.942755   0.333487 
11.939373   0.342898 
11.935897   0.352274 
11.932327   0.361615 
11.928665   0.370920 
11.924909   0.380188 
11.921061   0.389418 
11.917121   0.398609 
11.913089   0.407760 
11.908966   0.416871 
11.904752   0.425939 
11.900447   0.434965 
11.896053   0.443948 
11.891568   0.452886 
11.886995   0.461779 
11.882333   0.470626 
11.877583   0.479425 
11.872745   0.488177 
11.867819   0.496880 
11.862807   0.505533 
11.857709   0.514136 
11.852525   0.522687 
11.847255   0.531186 
11.841901   0.539632 
11.836463   0.548024 
11.830941   0.556361 
11.825336   0.564642 
11.819648   0.572867 
11.813879   0.581035 
11.808028   0.589145 
11.802096   0.597195 
11.796084   0.605186 
11.789992   0.613117 
11.783822   0.620986 
11.777573   0.628793 
11.771246   0.636537 
11.764842   0.644217 
11.758362   0.651833 
11.751806   0.659384 
11.745175   0.666869 
11.738469   0.674288 
11.731689   0.681638 
11.724836   0.688921 
11.717911   0.696135 
11.710914   0.703279 
11.703846   0.710353 
11.696707   0.717356 
11.689499   0.724287 
11.682222   0.731146 
11.674876   0.737931 
11.667463   0.744643 
11.659984   0.751280 
11.652438   0.757842 
11.644827   0.764329 
11.637152   0.770739 
11.629412   0.777071 
11.621610   0.783327 
11.613746   0.789503 
11.605821   0.795601 
11.597834   0.801620 
11.589788   0.807558 
11.581684   0.813415 
11.573520   0.819191 
11.565300   0.824885 
11.557023   0.830497 
11.548690   0.836026 
11.540303   0.841471 
11.531861   0.846832 
11.523366   0.852108 
11.514819   0.857299 
11.506221   0.862404 
11.497572   0.867423 
11.488873   0.872355 
11.480125   0.877200 
11.471329   0.881957 
11.462486   0.886627 
11.453597   0.891207 
11.444662   0.895698 
11.435683   0.900100 
11.426660   0.904412 
11.417595   0.908633 
11.408488   0.912764 
11.399340   0.916803 
11.390152   0.920750 
11.380926   0.924606 
11.371661   0.928369 
11.362358   0.932039 
11.353020   0.935616 
11.343646   0.939099 
11.334238   0.942489 
11.324797   0.945784 
11.315323   0.948984 
11.305818   0.952090 
11.296282   0.955101 
11.286716   0.958016 
11.277122   0.960835 
11.267500   0.963558 
11.257851   0.966185 
11.248176   0.968715 
11.238477   0.971148 
11.228754   0.973484 
11.219008   0.975723 
11.209240   0.977864 
11.199451   0.979908 
11.189642   0.981853 
11.179814   0.983701 
11.169968   0.985450 
11.160105   0.987100 
11.150226   0.988652 
11.140333   0.990104 
11.130425   0.991458 
11.120504   0.992713 
11.110571   0.993868 
11.100627   0.994924 
11.090673   0.995881 
11.080710   0.996738 
11.070738   0.997495 
11.060760   0.998152 
11.050776   0.998710 
11.040786   0.999168 
11.030793   0.999526 
11.020796   0.999784 
11.010797   0.999942 
11.000797   1.000000 
10.990798   0.999958 
10.980799   0.999816 
10.970802   0.999574 
10.960808   0.999232 
10.950817   0.998790 
10.940832   0.998248 
10.930853   0.997606 
10.920880   0.996865 
10.910916   0.996024 
10.900960   0.995083 
10.891014   0.994043 
10.881080   0.992904 
10.871157   0.991665 
10.861247   0.990327 
10.851351   0.988890 
10.841469   0.987354 
10.831604   0.985719 
10.821755   0.983986 
10.811924   0.982155 
10.802112   0.980225 
10.792320   0.978197 
10.782549   0.976071 
10.772799   0.973848 
10.763072   0.971527 
10.753369   0.969109 
10.743690   0.966595 
10.734037   0.963983 
10.724411   0.961276 
10.714812   0.958472 
10.705242   0.955572 
10.695701   0.952577 
10.686191   0.949486 
10.676712   0.946301 
10.667265   0.943020 
10.657852   0.939646 
10.648473   0.936178 
10.639129   0.932616 
10.629821   0.928960 
10.620550   0.925212 
10.611317   0.921371 
10.602123   0.917439 
10.592968   0.913414 
10.583855   0.909298 
10.574782   0.905091 
10.565753   0.900794 
10.556767   0.896406 
10.547825   0.891929 
10.538929   0.887363 
10.530078   0.882708 
10.521275   0.877965 
10.512519   0.873134 
10.503812   0.868215 
10.495155   0.863210 
10.486548   0.858119 
10.477993   0.852941 
10.469490   0.847679 
10.461040   0.842331 
10.452644   0.836900 
10.444302   0.831384 
10.436016   0.825786 
10.427787   0.820105 
10.419614   0.814342 
10.411500   0.808497 
10.403445   0.802572 
10.395449   0.796566 
10.387514   0.790481 
10.379640   0.784317 
10.371828   0.778074 
10.364078   0.771754 
10.356393   0.765356 
10.348772   0.758882 
10.341215   0.752332 
10.333725   0.745706 
10.326302   0.739006 
10.318945   0.732233 
10.311657   0.725386 
10.304438   0.718466 
10.297288   0.711475 
10.290209   0.704412 
10.283200   0.697279 
10.276263   0.690076 
10.269399   0.682805 
10.262608   0.675465 
10.255890   0.668057 
10.249247   0.660583 
10.242678   0.653042 
10.236186   0.645436 
10.229770   0.637766 
10.223431   0.630032 
10.217170   0.622235 
10.210986   0.614376 
10.204882   0.606455 
10.198858   0.598474 
10.192913   0.590432 
10.187049   0.582332 
10.181266   0.574174 
10.175566   0.565958 
10.169948   0.557685 
10.164412   0.549357 
10.158961   0.540974 
10.153593   0.532537 
10.148310   0.524046 
10.143112   0.515503 
10.138000   0.506909 
10.132974   0.498263 
10.128035   0.489568 
10.123183   0.480824 
10.118419   0.472032 
10.113743   0.463193 
10.109155   0.454308 
10.104657   0.445377 
10.100248   0.436401 
10.095929   0.427382 
10.091700   0.418320 
10.087563   0.409216 
10.083516   0.400071 
10.079561   0.390887 
10.075698   0.381663 
10.071928   0.372401 
10.068251   0.363102 
10.064666   0.353766 
10.061175   0.344396 
10.057778   0.334990 
10.054476   0.325551 
10.051268   0.316080 
10.048154   0.306577 
10.045136   0.297043 
10.042213   0.287480 
10.039387   0.277888 
10.036656   0.268268 
10.034021   0.258622 
10.031483   0.248949 
10.029042   0.239252 
10.026698   0.229530 
10.024452   0.219786 
10.022303   0.210020 
10.020252   0.200232 
10.018298   0.190425 
10.016443   0.180599 
10.014686   0.170754 
10.013028   0.160893 
10.011469   0.151015 
10.010008   0.141122 
10.008646   0.131216 
10.007384   0.121296 
10.006220   0.111364 
10.005156   0.101420 
10.004192   0.091467 
10.003327   0.081505 
10.002562   0.071534 
10.001896   0.061556 
10.001331   0.051572 
10.000865   0.041583 
10.000499   0.031590 
10.000233   0.021593 
10.000067   0.011595 
10.000001   0.001595 
16.000000   0.000000 
15.999950   0.010000 
15.999800   0.019999 
15.999550   0.029995 
15.999200   0.039989 
15.998750   0.049979 
15.998201   0.059964 
15.997551   0.069943 
15.996802   0.079915 
15.995953   0.089879 
15.995004   0.099833 
15.993956   0.109778 
15.992809   0.119712 
15.991562   0.129634 
15.990216   0.139543 
15.988771   0.149438 
15.987227   0.159318 
15.985585   0.169182 
15.983844   0.179030 
15.982004   0.188859 
15.980067   0.198669 
15.978031   0.208460 
15.975897   0.218230 
15.973666   0.227978 
15.971338   0.237703 
15.968912   0.247404 
15.966390   0.257081 
15.963771   0.266731 
15.961055   0.276356 
15.958244   0.285952 
15.955337   0.295520 
15.952334   0.305059 
15.949235   0.314567 
15.946042   0.324043 
15.942755   0.333487 
15.939373   0.342898 
15.935897   0.352274 
15.932327   0.361615 
15.928665   0.370920 
15.924909   0.380188 
15.921061   0.389418 
15.917121   0.398609 
15.913089   0.407760 
15.908966   0.416871 
15.904752   0.425939 
15.900447   0.434965 
15.896053   0.443948 
15.891568   0.452886 
15.886995   0.461779 
15.882333   0.470626 
15.877583   0.479425 
15.872745   0.488177 
15.867819   0.496880 
15.862807   0.505533 
15.857709   0.514136 
15.852525   0.522687 
15.847255   0.531186 
15.841901   0.539632 
15.836463   0.548024 
15.830941   0.556361 
15.825336   0.564642 
15.819648   0.572867 
15.813879   0.581035 
15.808028   0.589145 
15.802096   0.597195 
15.796084   0.605186 
15.789992   0.613117 
15.783822   0.620986 
15.777573   0.628793 
15.771246   0.636537 
15.764842   0.644217 
15.758362   0.651833 
15.751806   0.659384 
15.745175   0.666869 
15.738469   0.674288 
15.731689   0.681638 
15.724836   0.688921 
15.717911   0.696135 
15.710914   0.703279 
15.703846   0.710353 
15.696707   0.717356 
15.689499   0.724287 
15.682222   0.731146 
15.674876   0.737931 
15.667463   0.744643 
15.659984   0.751280 
15.652438   0.757842 
15.644827   0.764329 
15.637152   0.770739 
15.629412   0.777071 
15.621610   0.783327 
15.613746   0.789503 
15.605821   0.795601 
15.597834   0.801620 
15.589788   0.807558 
15.581684   0.813415 
15.573520   0.819191 
15.565300   0.824885 
15.557023   0.830497 
15.548690   0.836026 
15.540303   0.841471 
15.531861   0.846832 
15.523366   0.852108 
15.514819   0.857299 
15.506221   0.862404 
15.497572   0.867423 
15.488873   0.872355 
15.480125   0.877200 
15.471329   0.881957 
15.462486   0.886627 
15.453597   0.891207 
15.444662   0.895698 
15.435683   0.900100 
15.426660   0.904412 
15.417595   0.908633 
15.408488   0.912764 
15.399340   0.916803 
15.390152   0.920750 
15.380926   0.924606 
15.371661   0.928369 
15.362358   0.932039 
15.353020   0.935616 
15.343646   0.939099 
15.334238   0.942489 
15.324797   0.945784 
15.315323   0.948984 
15.305818   0.952090 
15.296282   0.955101 
15.286716   0.958016 
15.277122   0.960835 
15.267500   0.963558 
15.257851   0.966185 
15.248176   0.968715 
15.238477   0.971148 
15.228754   0.973484 
15.219008   0.975723 
15.209240   0.977864 
15.199451   0.979908 
15.189642   0.981853 
15.179814   0.983701 
15.169968   0.985450 
15.160105   0.987100 
15.150226   0.988652 
15.140333   0.990104 
15.130425   0.991458 
15.120504   0.992713 
15.110571   0.993868 
15.100627   0.994924 
15.090673   0.995881 
15.080710   0.996738 
15.070738   0.997495 
15.060760   0.998152 
15.050776   0.998710 
15.040786   0.999168 
15.030793   0.999526 
15.020796   0.999784 
15.010797   0.999942 
15.000797   1.000000 
14.990798   0.999958 
14.980799   0.999816 
14.970802   0.999574 
14.960808   0.999232 
14.950817   0.998790 
14.940832   0.998248 
14.930853   0.997606 
14.920880   0.996865 
14.910916   0.996024 
14.900960   0.995083 
14.891014   0.994043 
14.881080   0.992904 
14.871157   0.991665 
14.861247   0.990327 
14.851351   0.988890 
14.841469   0.987354 
14.831604   0.985719 
14.821755   0.983986 
14.811924   0.982155 
14.802112   0.980225 
14.792320   0.978197 
14.782549   0.976071 
14.772799   0.973848 
14.763072   0.971527 
14.753369   0.969109 
14.743690   0.966595 
14.734037   0.963983 
14.724411   0.961276 
14.714812   0.958472 
14.705242   0.955572 
14.695701   0.952577 
14.686191   0.949486 
14.676712   0.946301 
14.667265   0.943020 
14.657852   0.939646 
14.648473   0.936178 
14.639129   0.932616 
14.629821   0.928960 
14.620550   0.925212 
14.611317   0.921371 
14.602123   0.917439 
14.592968   0.913414 
14.583855   0.909298 
14.574782   0.905091 
14.565753   0.900794 
14.556767   0.896406 
14.547825   0.891929 
14.538929   0.887363 
14.530078   0.882708 
14.521275   0.877965 
14.512519   0.873134 
14.503812   0.868215 
14.495155   0.863210 
14.486548   0.858119 
14.477993   0.852941 
14.469490   0.847679 
14.461040   0.842331 
14.452644   0.836900 
14.444302   0.831384 
14.436016   0.825786 
14.427787   0.820105 
14.419614   0.814342 
14.411500   0.808497 
14.403445   0.802572 
14.395449   0.796566 
14.387514   0.790481 
14.379640   0.784317 
14.371828   0.778074 
14.364078   0.771754 
14.356393   0.765356 
14.348772   0.758882 
14.341215   0.752332 
14.333725   0.745706 
14.326302   0.739006 
14.318945   0.732233 
14.311657   0.725386 
14.304438   0.718466 
14.297288   0.711475 
14.290209   0.704412 
14.283200   0.697279 
14.276263   0.690076 
14.269399   0.682805 
14.262608   0.675465 
14.255890   0.668057 
14.249247   0.660583 
14.242678   0.653042 
14.236186   0.645436 
14.229770   0.637766 
14.223431   0.630032 
14.217170   0.622235 
14.210986   0.614376 
14.204882   0.606455 
14.198858   0.598474 
14.192913   0.590432 
14.187049   0.582332 
14.181266   0.574174 
14.175566   0.565958 
14.169948   0.557685 
14.164412   0.549357 
14.158961   0.540974 
14.153593   0.532537 
14.148310   0.524046 
14.143112   0.515503 
14.138000   0.506909 
14.132974   0.498263 
14.128035   0.489568 
14.123183   0.480824 
14.118419   0.472032 
14.113743   0.463193 
14.109155   0.454308 
14.104657   0.445377 
14.100248   0.436401 
14.095929   0.427382 
14.091700   0.418320 
14.087563   0.409216 
14.083516   0.400071 
14.079561   0.390887 
14.075698   0.381663 
14.071928   0.372401 
14.068251   0.363102 
14.064666   0.353766 
14.061175   0.344396 
14.057778   0.334990 
14.054476   0.325551 
14.051268   0.316080 
14.048154   0.306577 
14.045136   0.297043 
14.042213   0.287480 
14.039387   0.277888 
14.036656   0.268268 
14.034021   0.258622 
14.031483   0.248949 
14.029042   0.239252 
14.026698   0.229530 
14.024452   0.219786 
14.022303   0.210020 
14.020252   0.200232 
14.018298   0.190425 
14.016443   0.180599 
14.014686   0.170754 
14.013028   0.160893 
14.011469   0.151015 
14.010008   0.141122 
14.008646   0.131216 
14.007384   0.121296 
14.006220   0.111364 
14.005156   0.101420 
14.004192   0.091467 
14.003327   0.081505 
14.002562   0.071534 
14.001896   0.061556 
14.001331   0.051572 
14.000865   0.041583 
14.000499   0.031590 
14.000233   0.021593 
14.000067   0.011595 
14.000001   0.001595 
20.000000   0.000000 
19.999950   0.010000 
19.999800   0.019999 
19.999550   0.029995 
19.999200   0.039989 
19.998750   0.049979 
19.998201   0.059964 
19.997551   0.069943 
19.996802   0.079915 
19.995953   0.089879 
19.995004   0.099833 
19.993956   0.109778 
19.992809   0.119712 
19.991562   0.129634 
19.990216   0.139543 
19.988771   0.149438 
19.987227   0.159318 
19.985585   0.169182 
19.983844   0.179030 
19.982004   0.188859 
19.980067   0.198669 
19.978031   0.208460 
19.975897   0.218230 
19.973666   0.227978 
19.971338   0.237703 
19.968912   0.247404 
19.966390   0.257081 
19.963771   0.266731 
19.961055   0.276356 
19.958244   0.285952 
19.955337   0.295520 
19.952334   0.305059 
19.949235   0.314567 
19.946042   0.324043 
19.942755   0.333487 
19.939373   0.342898 
19.935897   0.352274 
19.932327   0.361615 
19.928665   0.370920 
19.924909   0.380188 
19.921061   0.389418 
19.917121   0.398609 
19.913089   0.407760 
19.908966   0.416871 
19.904752   0.425939 
19.900447   0.434965 
19.896053   0.443948 
19.891568   0.452886 
19.886995   0.461779 
19.882333   0.470626 
19.877583   0.479425 
19.872745   0.488177 
19.867819   0.496880 
19.862807   0.505533 
19.857709   0.514136 
19.852525   0.522687 
19.847255   0.531186 
19.841901   0.539632 
19.836463   0.548024 
19.830941   0.556361 
19.825336   0.564642 
19.819648   0.572867 
19.813879   0.581035 
19.808028   0.589145 
19.802096   0.597195 
19.796084   0.605186 
19.789992   0.613117 
19.783822   0.620986 
19.777573   0.628793 
19.771246   0.636537 
19.764842   0.644217 
19.758362   0.651833 
19.751806   0.659384 
19.745175   0.666869 
19.738469   0.674288 
19.731689   0.681638 
19.724836   0.688921 
19.717911   0.696135 
19.710914   0.703279 
19.703846   0.710353 
19.696707   0.717356 
19.689499   0.724287 
19.682222   0.731146 
19.674876   0.737931 
19.667463   0.744643 
19.659984   0.751280 
19.652438   0.757842 
19.644827   0.764329 
19.637152   0.770739 
19.629412   0.777071 
19.621610   0.783327 
19.613746   0.789503 
19.605821   0.795601 
19.597834   0.801620 
19.589788   0.807558 
19.581684   0.813415 
19.573520   0.819191 
19.565300   0.824885 
19.557023   0.830497 
19.548690   0.836026 
19.540303   0.841471 
19.531861   0.846832 
19.523366   0.852108 
19.514819   0.857299 
19.506221   0.862404 
19.497572   0.867423 
19.488873   0.872355 
19.480125   0.877200 
19.471329   0.881957 
19.462486   0.886627 
19.453597   0.891207 
19.444662   0.895698 
19.435683   0.900100 
19.426660   0.904412 
19.417595   0.908633 
19.408488   0.912764 
19.399340   0.916803 
19.390152   0.920750 
19.380926   0.924606 
19.371661   0.928369 
19.362358   0.932039 
19.353020   0.935616 
19.343646   0.939099 
19.334238   0.942489 
19.324797   0.945784 
19.315323   0.948984 
19.305818   0.952090 
19.296282   0.955101 
19.286716   0.958016 
19.277122   0.960835 
19.267500   0.963558 
19.257851   0.966185 
19.248176   0.968715 
19.238477   0.971148 
19.228754   0.973484 
19.219008   0.975723 
19.209240   0.977864 
19.199451   0.979908 
19.189642   0.981853 
19.179814   0.983701 
19.169968   0.985450 
19.160105   0.987100 
19.150226   0.988652 
19.140333   0.990104 
19.130425   0.991458 
19.120504   0.992713 
19.110571   0.993868 
19.100627   0.994924 
19.090673   0.995881 
19.080710   0.996738 
19.070738   0.997495 
19.060760   0.998152 
19.050776   0.998710 
19.040786   0.999168 
19.030793   0.999526 
19.020796   0.999784 
19.010797   0.999942 
19.000797   1.000000 
18.990798   0.999958 
18.980799   0.999816 
18.970802   0.999574 
18.960808   0.999232 
18.950817   0.998790 
18.940832   0.998248 
18.930853   0.997606 
18.920880   0.996865 
18.910916   0.996024 
18.900960   0.995083 
18.891014   0.994043 
18.881080   0.992904 
18.871157   0.991665 
18.861247   0.990327 
18.851351   0.988890 
18.841469   0.987354 
18.831604   0.985719 
18.821755   0.983986 
18.811924   0.982155 
18.802112   0.980225 
18.792320   0.978197 
18.782549   0.976071 
18.772799   0.973848 
18.763072   0.971527 
18.753369   0.969109 
18.743690   0.966595 
18.734037   0.963983 
18.724411   0.961276 
18.714812   0.958472 
18.705242   0.955572 
18.695701   0.952577 
18.686191   0.949486 
18.676712   0.946301 
18.667265   0.943020 
18.657852   0.939646 
18.648473   0.936178 
18.639129   0.932616 
18.629821   0.928960 
18.620550   0.925212 
18.611317   0.921371 
18.602123   0.917439 
18.592968   0.913414 
18.583855   0.909298 
18.574782   0.905091 
18.565753   0.900794 
18.556767   0.896406 
18.547825   0.891929 
18.538929   0.887363 
18.530078   0.882708 
18.521275   0.877965 
18.512519   0.873134 
18.503812   0.868215 
18.495155   0.863210 
18.486548   0.858119 
18.477993   0.852941 
18.469490   0.847679 
18.461040   0.842331 
18.452644   0.836900 
18.444302   0.831384 
18.436016   0.825786 
18.427787   0.820105 
18.419614   0.814342 
18.411500   0.808497 
18.403445   0.802572 
18.395449   0.796566 
18.387514   0.790481 
18.379640   0.784317 
18.371828   0.778074 
18.364078   0.771754 
18.356393   0.765356 
18.348772   0.758882 
18.341215   0.752332 
18.333725   0.745706 
18.326302   0.739006 
18.318945   0.732233 
18.311657   0.725386 
18.304438   0.718466 
18.297288   0.711475 
18.290209   0.704412 
18.283200   0.697279 
18.276263   0.690076 
18.269399   0.682805 
18.262608   0.675465 
18.255890   0.668057 
18.249247   0.660583 
18.242678   0.653042 
18.236186   0.645436 
18.229770   0.637766 
18.223431   0.630032 
18.217170   0.622235 
18.210986   0.614376 
18.204882   0.606455 
18.198858   0.598474 
18.192913   0.590432 
18.187049   0.582332 
18.181266   0.574174 
18.175566   0.565958 
18.169948   0.557685 
18.164412   0.549357 
18.158961   0.540974 
18.153593   0.532537 
18.148310   0.524046 
18.143112   0.515503 
18.138000   0.506909 
18.132974   0.498263 
18.128035   0.489568 
18.123183   0.480824 
18.118419   0.472032 
18.113743   0.463193 
18.109155   0.454308 
18.104657   0.445377 
18.100248   0.436401 
18.095929   0.427382 
18.091700   0.418320 
18.087563   0.409216 
18.083516   0.400071 
18.079561   0.390887 
18.075698   0.381663 
18.071928   0.372401 
18.068251   0.363102 
18.064666   0.353766 
18.061175   0.344396 
18.057778   0.334990 
18.054476   0.325551 
18.051268   0.316080 
18.048154   0.306577 
18.045136   0.297043 
18.042213   0.287480 
18.039387   0.277888 
18.036656   0.268268 
18.034021   0.258622 
18.031483   0.248949 
18.029042   0.239252 
18.026698   0.229530 
18.024452   0.219786 
18.022303   0.210020 
18.020252   0.200232 
18.018298   0.190425 
18.016443   0.180599 
18.014686   0.170754 
18.013028   0.160893 
18.011469   0.151015 
18.010008   0.141122 
18.008646   0.131216 
18.007384   0.121296 
18.006220   0.111364 
18.005156   0.101420 
18.004192   0.091467 
18.003327   0.081505 
18.002562   0.071534 
18.001896   0.061556 
18.001331   0.051572 
18.000865   0.041583 
18.000499   0.031590 
18.000233   0.021593 
18.000067   0.011595 
18.000001   0.001595 
