no of terms 1.000000 
    time 	   actual 	      RK4 
0.010000 	 0.099995 	 0.099995 
0.020000 	 0.099980 	 0.099980 
0.030000 	 0.099955 	 0.099955 
0.040000 	 0.099920 	 0.099920 
0.050000 	 0.099875 	 0.099875 
0.060000 	 0.099820 	 0.099820 
0.070000 	 0.099755 	 0.099756 
0.080000 	 0.099680 	 0.099681 
0.090000 	 0.099595 	 0.099596 
0.100000 	 0.099500 	 0.099501 
0.110000 	 0.099396 	 0.099397 
0.120000 	 0.099281 	 0.099282 
0.130000 	 0.099156 	 0.099158 
0.140000 	 0.099022 	 0.099023 
0.150000 	 0.098877 	 0.098879 
0.160000 	 0.098723 	 0.098725 
0.170000 	 0.098558 	 0.098561 
0.180000 	 0.098384 	 0.098387 
0.190000 	 0.098200 	 0.098203 
0.200000 	 0.098007 	 0.098010 
0.210000 	 0.097803 	 0.097807 
0.220000 	 0.097590 	 0.097594 
0.230000 	 0.097367 	 0.097371 
0.240000 	 0.097134 	 0.097139 
0.250000 	 0.096891 	 0.096896 
0.260000 	 0.096639 	 0.096645 
0.270000 	 0.096377 	 0.096383 
0.280000 	 0.096106 	 0.096112 
0.290000 	 0.095824 	 0.095831 
0.300000 	 0.095534 	 0.095541 
0.310000 	 0.095233 	 0.095241 
0.320000 	 0.094924 	 0.094932 
0.330000 	 0.094604 	 0.094613 
0.340000 	 0.094275 	 0.094285 
0.350000 	 0.093937 	 0.093947 
0.360000 	 0.093590 	 0.093600 
0.370000 	 0.093233 	 0.093244 
0.380000 	 0.092866 	 0.092878 
0.390000 	 0.092491 	 0.092503 
0.400000 	 0.092106 	 0.092119 
0.410000 	 0.091712 	 0.091725 
0.420000 	 0.091309 	 0.091323 
0.430000 	 0.090897 	 0.090911 
0.440000 	 0.090475 	 0.090490 
0.450000 	 0.090045 	 0.090060 
0.460000 	 0.089605 	 0.089622 
0.470000 	 0.089157 	 0.089174 
0.480000 	 0.088699 	 0.088717 
0.490000 	 0.088233 	 0.088252 
0.500000 	 0.087758 	 0.087777 
0.510000 	 0.087274 	 0.087294 
0.520000 	 0.086782 	 0.086803 
0.530000 	 0.086281 	 0.086302 
0.540000 	 0.085771 	 0.085793 
0.550000 	 0.085252 	 0.085275 
0.560000 	 0.084726 	 0.084749 
0.570000 	 0.084190 	 0.084214 
0.580000 	 0.083646 	 0.083671 
0.590000 	 0.083094 	 0.083120 
0.600000 	 0.082534 	 0.082560 
0.610000 	 0.081965 	 0.081992 
0.620000 	 0.081388 	 0.081416 
0.630000 	 0.080803 	 0.080832 
0.640000 	 0.080210 	 0.080239 
0.650000 	 0.079608 	 0.079639 
0.660000 	 0.078999 	 0.079031 
0.670000 	 0.078382 	 0.078414 
0.680000 	 0.077757 	 0.077790 
0.690000 	 0.077125 	 0.077159 
0.700000 	 0.076484 	 0.076519 
0.710000 	 0.075836 	 0.075872 
0.720000 	 0.075181 	 0.075217 
0.730000 	 0.074517 	 0.074555 
0.740000 	 0.073847 	 0.073885 
0.750000 	 0.073169 	 0.073208 
0.760000 	 0.072484 	 0.072523 
0.770000 	 0.071791 	 0.071832 
0.780000 	 0.071091 	 0.071133 
0.790000 	 0.070385 	 0.070427 
0.800000 	 0.069671 	 0.069714 
0.810000 	 0.068950 	 0.068994 
0.820000 	 0.068222 	 0.068267 
0.830000 	 0.067488 	 0.067534 
0.840000 	 0.066746 	 0.066793 
0.850000 	 0.065998 	 0.066046 
0.860000 	 0.065244 	 0.065292 
0.870000 	 0.064483 	 0.064532 
0.880000 	 0.063715 	 0.063765 
0.890000 	 0.062941 	 0.062992 
0.900000 	 0.062161 	 0.062213 
0.910000 	 0.061375 	 0.061427 
0.920000 	 0.060582 	 0.060636 
0.930000 	 0.059783 	 0.059838 
0.940000 	 0.058979 	 0.059034 
0.950000 	 0.058168 	 0.058225 
0.960000 	 0.057352 	 0.057409 
0.970000 	 0.056530 	 0.056588 
0.980000 	 0.055702 	 0.055761 
0.990000 	 0.054869 	 0.054929 
1.000000 	 0.054030 	 0.054091 
1.010000 	 0.053186 	 0.053247 
1.020000 	 0.052337 	 0.052399 
1.030000 	 0.051482 	 0.051545 
1.040000 	 0.050622 	 0.050686 
1.050000 	 0.049757 	 0.049822 
1.060000 	 0.048887 	 0.048953 
1.070000 	 0.048012 	 0.048079 
1.080000 	 0.047133 	 0.047200 
1.090000 	 0.046249 	 0.046317 
1.100000 	 0.045360 	 0.045428 
1.110000 	 0.044466 	 0.044536 
1.120000 	 0.043568 	 0.043639 
1.130000 	 0.042666 	 0.042737 
1.140000 	 0.041759 	 0.041831 
1.150000 	 0.040849 	 0.040921 
1.160000 	 0.039934 	 0.040007 
1.170000 	 0.039015 	 0.039089 
1.180000 	 0.038092 	 0.038167 
1.190000 	 0.037166 	 0.037242 
1.200000 	 0.036236 	 0.036312 
1.210000 	 0.035302 	 0.035379 
1.220000 	 0.034365 	 0.034442 
1.230000 	 0.033424 	 0.033502 
1.240000 	 0.032480 	 0.032559 
1.250000 	 0.031532 	 0.031612 
1.260000 	 0.030582 	 0.030662 
1.270000 	 0.029628 	 0.029710 
1.280000 	 0.028672 	 0.028754 
1.290000 	 0.027712 	 0.027795 
1.300000 	 0.026750 	 0.026833 
1.310000 	 0.025785 	 0.025869 
1.320000 	 0.024818 	 0.024902 
1.330000 	 0.023848 	 0.023933 
1.340000 	 0.022875 	 0.022961 
1.350000 	 0.021901 	 0.021987 
1.360000 	 0.020924 	 0.021011 
1.370000 	 0.019945 	 0.020033 
1.380000 	 0.018964 	 0.019053 
1.390000 	 0.017981 	 0.018070 
1.400000 	 0.016997 	 0.017086 
1.410000 	 0.016010 	 0.016101 
1.420000 	 0.015023 	 0.015113 
1.430000 	 0.014033 	 0.014125 
1.440000 	 0.013042 	 0.013134 
1.450000 	 0.012050 	 0.012143 
1.460000 	 0.011057 	 0.011150 
1.470000 	 0.010063 	 0.010156 
1.480000 	 0.009067 	 0.009161 
1.490000 	 0.008071 	 0.008165 
1.500000 	 0.007074 	 0.007169 
1.510000 	 0.006076 	 0.006171 
1.520000 	 0.005077 	 0.005173 
1.530000 	 0.004079 	 0.004175 
1.540000 	 0.003079 	 0.003176 
1.550000 	 0.002079 	 0.002177 
1.560000 	 0.001080 	 0.001177 
1.570000 	 0.000080 	 0.000178 
1.580000 	 -0.000920 	 -0.000822 
1.590000 	 -0.001920 	 -0.001821 
1.600000 	 -0.002920 	 -0.002821 
1.610000 	 -0.003919 	 -0.003820 
1.620000 	 -0.004918 	 -0.004818 
1.630000 	 -0.005917 	 -0.005816 
1.640000 	 -0.006915 	 -0.006814 
1.650000 	 -0.007912 	 -0.007811 
1.660000 	 -0.008909 	 -0.008807 
1.670000 	 -0.009904 	 -0.009802 
1.680000 	 -0.010899 	 -0.010797 
1.690000 	 -0.011892 	 -0.011790 
1.700000 	 -0.012884 	 -0.012782 
1.710000 	 -0.013875 	 -0.013772 
1.720000 	 -0.014865 	 -0.014762 
1.730000 	 -0.015853 	 -0.015750 
1.740000 	 -0.016840 	 -0.016736 
1.750000 	 -0.017825 	 -0.017721 
1.760000 	 -0.018808 	 -0.018703 
1.770000 	 -0.019789 	 -0.019684 
1.780000 	 -0.020768 	 -0.020663 
1.790000 	 -0.021745 	 -0.021640 
1.800000 	 -0.022720 	 -0.022615 
1.810000 	 -0.023693 	 -0.023588 
1.820000 	 -0.024663 	 -0.024558 
1.830000 	 -0.025631 	 -0.025525 
1.840000 	 -0.026596 	 -0.026491 
1.850000 	 -0.027559 	 -0.027453 
1.860000 	 -0.028519 	 -0.028413 
1.870000 	 -0.029476 	 -0.029370 
1.880000 	 -0.030430 	 -0.030324 
1.890000 	 -0.031381 	 -0.031275 
1.900000 	 -0.032329 	 -0.032223 
1.910000 	 -0.033274 	 -0.033167 
1.920000 	 -0.034215 	 -0.034108 
1.930000 	 -0.035153 	 -0.035046 
1.940000 	 -0.036087 	 -0.035981 
1.950000 	 -0.037018 	 -0.036911 
1.960000 	 -0.037945 	 -0.037839 
1.970000 	 -0.038868 	 -0.038762 
1.980000 	 -0.039788 	 -0.039681 
1.990000 	 -0.040703 	 -0.040597 
2.000000 	 -0.041615 	 -0.041508 
2.010000 	 -0.042522 	 -0.042415 
2.020000 	 -0.043425 	 -0.043318 
2.030000 	 -0.044323 	 -0.044217 
2.040000 	 -0.045218 	 -0.045111 
2.050000 	 -0.046107 	 -0.046001 
2.060000 	 -0.046992 	 -0.046886 
2.070000 	 -0.047873 	 -0.047767 
2.080000 	 -0.048748 	 -0.048642 
2.090000 	 -0.049619 	 -0.049513 
2.100000 	 -0.050485 	 -0.050379 
2.110000 	 -0.051345 	 -0.051240 
2.120000 	 -0.052201 	 -0.052096 
2.130000 	 -0.053051 	 -0.052946 
2.140000 	 -0.053896 	 -0.053791 
2.150000 	 -0.054736 	 -0.054631 
2.160000 	 -0.055570 	 -0.055466 
2.170000 	 -0.056399 	 -0.056294 
2.180000 	 -0.057221 	 -0.057118 
2.190000 	 -0.058039 	 -0.057935 
2.200000 	 -0.058850 	 -0.058747 
2.210000 	 -0.059656 	 -0.059553 
2.220000 	 -0.060455 	 -0.060353 
2.230000 	 -0.061249 	 -0.061147 
2.240000 	 -0.062036 	 -0.061934 
2.250000 	 -0.062817 	 -0.062716 
2.260000 	 -0.063592 	 -0.063491 
2.270000 	 -0.064361 	 -0.064260 
2.280000 	 -0.065123 	 -0.065023 
2.290000 	 -0.065879 	 -0.065779 
2.300000 	 -0.066628 	 -0.066528 
2.310000 	 -0.067370 	 -0.067271 
2.320000 	 -0.068106 	 -0.068007 
2.330000 	 -0.068834 	 -0.068736 
2.340000 	 -0.069556 	 -0.069459 
2.350000 	 -0.070271 	 -0.070174 
2.360000 	 -0.070979 	 -0.070883 
2.370000 	 -0.071680 	 -0.071584 
2.380000 	 -0.072374 	 -0.072278 
2.390000 	 -0.073060 	 -0.072965 
2.400000 	 -0.073739 	 -0.073645 
2.410000 	 -0.074411 	 -0.074317 
2.420000 	 -0.075075 	 -0.074982 
2.430000 	 -0.075732 	 -0.075640 
2.440000 	 -0.076382 	 -0.076290 
2.450000 	 -0.077023 	 -0.076932 
2.460000 	 -0.077657 	 -0.077567 
2.470000 	 -0.078283 	 -0.078193 
2.480000 	 -0.078901 	 -0.078812 
2.490000 	 -0.079512 	 -0.079424 
2.500000 	 -0.080114 	 -0.080027 
2.510000 	 -0.080709 	 -0.080622 
2.520000 	 -0.081295 	 -0.081209 
2.530000 	 -0.081873 	 -0.081788 
2.540000 	 -0.082444 	 -0.082359 
2.550000 	 -0.083005 	 -0.082922 
2.560000 	 -0.083559 	 -0.083476 
2.570000 	 -0.084104 	 -0.084022 
2.580000 	 -0.084641 	 -0.084560 
2.590000 	 -0.085169 	 -0.085089 
2.600000 	 -0.085689 	 -0.085610 
2.610000 	 -0.086200 	 -0.086122 
2.620000 	 -0.086703 	 -0.086625 
2.630000 	 -0.087197 	 -0.087120 
2.640000 	 -0.087682 	 -0.087607 
2.650000 	 -0.088158 	 -0.088084 
2.660000 	 -0.088626 	 -0.088553 
2.670000 	 -0.089085 	 -0.089013 
2.680000 	 -0.089534 	 -0.089463 
2.690000 	 -0.089975 	 -0.089905 
2.700000 	 -0.090407 	 -0.090338 
2.710000 	 -0.090830 	 -0.090762 
2.720000 	 -0.091244 	 -0.091177 
2.730000 	 -0.091648 	 -0.091583 
2.740000 	 -0.092044 	 -0.091980 
2.750000 	 -0.092430 	 -0.092367 
2.760000 	 -0.092807 	 -0.092746 
2.770000 	 -0.093175 	 -0.093115 
2.780000 	 -0.093533 	 -0.093474 
2.790000 	 -0.093883 	 -0.093825 
2.800000 	 -0.094222 	 -0.094166 
2.810000 	 -0.094553 	 -0.094497 
2.820000 	 -0.094873 	 -0.094819 
2.830000 	 -0.095185 	 -0.095132 
2.840000 	 -0.095486 	 -0.095435 
2.850000 	 -0.095779 	 -0.095729 
2.860000 	 -0.096061 	 -0.096013 
2.870000 	 -0.096334 	 -0.096288 
2.880000 	 -0.096598 	 -0.096553 
2.890000 	 -0.096852 	 -0.096808 
2.900000 	 -0.097096 	 -0.097053 
2.910000 	 -0.097330 	 -0.097289 
2.920000 	 -0.097555 	 -0.097516 
2.930000 	 -0.097770 	 -0.097732 
2.940000 	 -0.097975 	 -0.097939 
2.950000 	 -0.098170 	 -0.098136 
2.960000 	 -0.098356 	 -0.098323 
2.970000 	 -0.098531 	 -0.098500 
2.980000 	 -0.098697 	 -0.098668 
2.990000 	 -0.098853 	 -0.098825 
3.000000 	 -0.098999 	 -0.098973 
3.010000 	 -0.099135 	 -0.099111 
3.020000 	 -0.099262 	 -0.099239 
3.030000 	 -0.099378 	 -0.099357 
3.040000 	 -0.099484 	 -0.099465 
3.050000 	 -0.099581 	 -0.099563 
3.060000 	 -0.099667 	 -0.099652 
3.070000 	 -0.099744 	 -0.099730 
3.080000 	 -0.099810 	 -0.099798 
3.090000 	 -0.099867 	 -0.099857 
3.100000 	 -0.099914 	 -0.099905 
3.110000 	 -0.099950 	 -0.099944 
3.120000 	 -0.099977 	 -0.099972 
3.130000 	 -0.099993 	 -0.099991 
3.140000 	 -0.100000 	 -0.099999 
3.150000 	 -0.099996 	 -0.099998 
3.160000 	 -0.099983 	 -0.099987 
3.170000 	 -0.099960 	 -0.099965 
3.180000 	 -0.099926 	 -0.099934 
3.190000 	 -0.099883 	 -0.099892 
3.200000 	 -0.099829 	 -0.099841 
3.210000 	 -0.099766 	 -0.099780 
3.220000 	 -0.099693 	 -0.099708 
3.230000 	 -0.099609 	 -0.099627 
3.240000 	 -0.099516 	 -0.099536 
3.250000 	 -0.099413 	 -0.099435 
3.260000 	 -0.099300 	 -0.099324 
3.270000 	 -0.099177 	 -0.099203 
3.280000 	 -0.099044 	 -0.099072 
3.290000 	 -0.098901 	 -0.098931 
3.300000 	 -0.098748 	 -0.098781 
3.310000 	 -0.098585 	 -0.098620 
3.320000 	 -0.098413 	 -0.098450 
3.330000 	 -0.098230 	 -0.098270 
3.340000 	 -0.098038 	 -0.098080 
3.350000 	 -0.097836 	 -0.097880 
3.360000 	 -0.097624 	 -0.097671 
3.370000 	 -0.097403 	 -0.097451 
3.380000 	 -0.097172 	 -0.097222 
3.390000 	 -0.096931 	 -0.096984 
3.400000 	 -0.096680 	 -0.096735 
3.410000 	 -0.096419 	 -0.096477 
3.420000 	 -0.096149 	 -0.096209 
3.430000 	 -0.095870 	 -0.095932 
3.440000 	 -0.095581 	 -0.095645 
3.450000 	 -0.095282 	 -0.095349 
3.460000 	 -0.094974 	 -0.095043 
3.470000 	 -0.094656 	 -0.094727 
3.480000 	 -0.094328 	 -0.094403 
3.490000 	 -0.093992 	 -0.094068 
3.500000 	 -0.093646 	 -0.093725 
3.510000 	 -0.093290 	 -0.093371 
3.520000 	 -0.092925 	 -0.093009 
3.530000 	 -0.092551 	 -0.092637 
3.540000 	 -0.092168 	 -0.092256 
3.550000 	 -0.091775 	 -0.091866 
3.560000 	 -0.091374 	 -0.091467 
3.570000 	 -0.090963 	 -0.091059 
3.580000 	 -0.090543 	 -0.090641 
3.590000 	 -0.090114 	 -0.090214 
3.600000 	 -0.089676 	 -0.089779 
3.610000 	 -0.089229 	 -0.089334 
3.620000 	 -0.088773 	 -0.088881 
3.630000 	 -0.088308 	 -0.088418 
3.640000 	 -0.087835 	 -0.087947 
3.650000 	 -0.087352 	 -0.087467 
3.660000 	 -0.086861 	 -0.086978 
3.670000 	 -0.086361 	 -0.086481 
3.680000 	 -0.085853 	 -0.085975 
3.690000 	 -0.085336 	 -0.085460 
3.700000 	 -0.084810 	 -0.084937 
3.710000 	 -0.084276 	 -0.084406 
3.720000 	 -0.083733 	 -0.083865 
3.730000 	 -0.083183 	 -0.083317 
3.740000 	 -0.082623 	 -0.082760 
3.750000 	 -0.082056 	 -0.082195 
3.760000 	 -0.081480 	 -0.081622 
3.770000 	 -0.080896 	 -0.081041 
3.780000 	 -0.080305 	 -0.080451 
3.790000 	 -0.079705 	 -0.079854 
3.800000 	 -0.079097 	 -0.079248 
3.810000 	 -0.078481 	 -0.078635 
3.820000 	 -0.077857 	 -0.078013 
3.830000 	 -0.077226 	 -0.077384 
3.840000 	 -0.076587 	 -0.076747 
3.850000 	 -0.075940 	 -0.076103 
3.860000 	 -0.075285 	 -0.075451 
3.870000 	 -0.074624 	 -0.074791 
3.880000 	 -0.073954 	 -0.074124 
3.890000 	 -0.073277 	 -0.073450 
3.900000 	 -0.072593 	 -0.072768 
3.910000 	 -0.071902 	 -0.072079 
3.920000 	 -0.071203 	 -0.071382 
3.930000 	 -0.070498 	 -0.070679 
3.940000 	 -0.069785 	 -0.069968 
3.950000 	 -0.069065 	 -0.069251 
3.960000 	 -0.068338 	 -0.068527 
3.970000 	 -0.067605 	 -0.067795 
3.980000 	 -0.066865 	 -0.067057 
3.990000 	 -0.066118 	 -0.066313 
4.000000 	 -0.065364 	 -0.065561 
4.010000 	 -0.064604 	 -0.064803 
4.020000 	 -0.063838 	 -0.064039 
4.030000 	 -0.063065 	 -0.063268 
4.040000 	 -0.062286 	 -0.062491 
4.050000 	 -0.061500 	 -0.061708 
4.060000 	 -0.060709 	 -0.060918 
4.070000 	 -0.059911 	 -0.060122 
4.080000 	 -0.059107 	 -0.059321 
4.090000 	 -0.058298 	 -0.058513 
4.100000 	 -0.057482 	 -0.057700 
4.110000 	 -0.056661 	 -0.056881 
4.120000 	 -0.055834 	 -0.056056 
4.130000 	 -0.055002 	 -0.055225 
4.140000 	 -0.054164 	 -0.054389 
4.150000 	 -0.053321 	 -0.053548 
4.160000 	 -0.052472 	 -0.052701 
4.170000 	 -0.051618 	 -0.051849 
4.180000 	 -0.050759 	 -0.050992 
4.190000 	 -0.049895 	 -0.050130 
4.200000 	 -0.049026 	 -0.049262 
4.210000 	 -0.048152 	 -0.048390 
4.220000 	 -0.047273 	 -0.047513 
4.230000 	 -0.046390 	 -0.046631 
4.240000 	 -0.045501 	 -0.045745 
4.250000 	 -0.044609 	 -0.044854 
4.260000 	 -0.043712 	 -0.043958 
4.270000 	 -0.042810 	 -0.043058 
4.280000 	 -0.041904 	 -0.042154 
4.290000 	 -0.040994 	 -0.041246 
4.300000 	 -0.040080 	 -0.040333 
4.310000 	 -0.039162 	 -0.039416 
4.320000 	 -0.038240 	 -0.038496 
4.330000 	 -0.037314 	 -0.037571 
4.340000 	 -0.036384 	 -0.036643 
4.350000 	 -0.035451 	 -0.035711 
4.360000 	 -0.034514 	 -0.034776 
4.370000 	 -0.033574 	 -0.033837 
4.380000 	 -0.032630 	 -0.032895 
4.390000 	 -0.031683 	 -0.031949 
4.400000 	 -0.030733 	 -0.031001 
4.410000 	 -0.029780 	 -0.030049 
4.420000 	 -0.028824 	 -0.029094 
4.430000 	 -0.027865 	 -0.028136 
4.440000 	 -0.026903 	 -0.027176 
4.450000 	 -0.025939 	 -0.026212 
4.460000 	 -0.024972 	 -0.025247 
4.470000 	 -0.024002 	 -0.024278 
4.480000 	 -0.023030 	 -0.023307 
4.490000 	 -0.022056 	 -0.022334 
4.500000 	 -0.021080 	 -0.021359 
4.510000 	 -0.020101 	 -0.020381 
4.520000 	 -0.019120 	 -0.019402 
4.530000 	 -0.018138 	 -0.018420 
4.540000 	 -0.017154 	 -0.017437 
4.550000 	 -0.016168 	 -0.016452 
4.560000 	 -0.015180 	 -0.015465 
4.570000 	 -0.014191 	 -0.014476 
4.580000 	 -0.013200 	 -0.013487 
4.590000 	 -0.012208 	 -0.012496 
4.600000 	 -0.011215 	 -0.011503 
4.610000 	 -0.010221 	 -0.010510 
4.620000 	 -0.009226 	 -0.009515 
4.630000 	 -0.008230 	 -0.008520 
4.640000 	 -0.007233 	 -0.007523 
4.650000 	 -0.006235 	 -0.006526 
4.660000 	 -0.005237 	 -0.005528 
4.670000 	 -0.004238 	 -0.004530 
4.680000 	 -0.003238 	 -0.003531 
4.690000 	 -0.002239 	 -0.002532 
4.700000 	 -0.001239 	 -0.001533 
4.710000 	 -0.000239 	 -0.000533 
4.720000 	 0.000761 	 0.000466 
4.730000 	 0.001761 	 0.001466 
4.740000 	 0.002761 	 0.002465 
4.750000 	 0.003760 	 0.003464 
4.760000 	 0.004759 	 0.004463 
4.770000 	 0.005758 	 0.005461 
4.780000 	 0.006756 	 0.006459 
4.790000 	 0.007753 	 0.007456 
4.800000 	 0.008750 	 0.008453 
4.810000 	 0.009746 	 0.009448 
4.820000 	 0.010740 	 0.010443 
4.830000 	 0.011734 	 0.011437 
4.840000 	 0.012726 	 0.012429 
4.850000 	 0.013718 	 0.013420 
4.860000 	 0.014708 	 0.014410 
4.870000 	 0.015696 	 0.015398 
4.880000 	 0.016683 	 0.016385 
4.890000 	 0.017668 	 0.017370 
4.900000 	 0.018651 	 0.018354 
4.910000 	 0.019633 	 0.019336 
4.920000 	 0.020612 	 0.020315 
4.930000 	 0.021590 	 0.021293 
4.940000 	 0.022565 	 0.022269 
4.950000 	 0.023538 	 0.023242 
4.960000 	 0.024509 	 0.024213 
4.970000 	 0.025477 	 0.025182 
4.980000 	 0.026443 	 0.026148 
4.990000 	 0.027406 	 0.027111 
5.000000 	 0.028366 	 0.028072 
5.010000 	 0.029324 	 0.029030 
5.020000 	 0.030278 	 0.029985 
5.030000 	 0.031230 	 0.030937 
5.040000 	 0.032178 	 0.031886 
5.050000 	 0.033123 	 0.032832 
5.060000 	 0.034065 	 0.033774 
5.070000 	 0.035004 	 0.034713 
5.080000 	 0.035939 	 0.035649 
5.090000 	 0.036870 	 0.036581 
5.100000 	 0.037798 	 0.037509 
5.110000 	 0.038722 	 0.038434 
5.120000 	 0.039642 	 0.039355 
5.130000 	 0.040558 	 0.040272 
5.140000 	 0.041470 	 0.041184 
5.150000 	 0.042378 	 0.042093 
5.160000 	 0.043281 	 0.042998 
5.170000 	 0.044181 	 0.043898 
5.180000 	 0.045076 	 0.044794 
5.190000 	 0.045966 	 0.045685 
5.200000 	 0.046852 	 0.046572 
5.210000 	 0.047733 	 0.047454 
5.220000 	 0.048609 	 0.048331 
5.230000 	 0.049481 	 0.049204 
5.240000 	 0.050347 	 0.050072 
5.250000 	 0.051209 	 0.050934 
5.260000 	 0.052065 	 0.051792 
5.270000 	 0.052916 	 0.052644 
5.280000 	 0.053762 	 0.053491 
5.290000 	 0.054602 	 0.054333 
5.300000 	 0.055437 	 0.055169 
5.310000 	 0.056267 	 0.056000 
5.320000 	 0.057091 	 0.056826 
5.330000 	 0.057909 	 0.057645 
5.340000 	 0.058721 	 0.058459 
5.350000 	 0.059528 	 0.059267 
5.360000 	 0.060328 	 0.060069 
5.370000 	 0.061123 	 0.060865 
5.380000 	 0.061911 	 0.061655 
5.390000 	 0.062693 	 0.062439 
5.400000 	 0.063469 	 0.063216 
5.410000 	 0.064239 	 0.063987 
5.420000 	 0.065002 	 0.064752 
5.430000 	 0.065759 	 0.065510 
5.440000 	 0.066509 	 0.066262 
5.450000 	 0.067252 	 0.067007 
5.460000 	 0.067989 	 0.067746 
5.470000 	 0.068719 	 0.068478 
5.480000 	 0.069442 	 0.069202 
5.490000 	 0.070158 	 0.069920 
5.500000 	 0.070867 	 0.070631 
5.510000 	 0.071569 	 0.071335 
5.520000 	 0.072264 	 0.072032 
5.530000 	 0.072951 	 0.072722 
5.540000 	 0.073632 	 0.073404 
5.550000 	 0.074305 	 0.074079 
5.560000 	 0.074970 	 0.074747 
5.570000 	 0.075628 	 0.075407 
5.580000 	 0.076279 	 0.076059 
5.590000 	 0.076921 	 0.076704 
5.600000 	 0.077557 	 0.077342 
5.610000 	 0.078184 	 0.077971 
5.620000 	 0.078804 	 0.078593 
5.630000 	 0.079415 	 0.079207 
5.640000 	 0.080019 	 0.079813 
5.650000 	 0.080615 	 0.080411 
5.660000 	 0.081202 	 0.081001 
5.670000 	 0.081782 	 0.081583 
5.680000 	 0.082353 	 0.082157 
5.690000 	 0.082916 	 0.082723 
5.700000 	 0.083471 	 0.083280 
5.710000 	 0.084018 	 0.083829 
5.720000 	 0.084556 	 0.084370 
5.730000 	 0.085086 	 0.084902 
5.740000 	 0.085607 	 0.085426 
5.750000 	 0.086119 	 0.085941 
5.760000 	 0.086623 	 0.086447 
5.770000 	 0.087119 	 0.086945 
5.780000 	 0.087605 	 0.087435 
5.790000 	 0.088083 	 0.087915 
5.800000 	 0.088552 	 0.088387 
5.810000 	 0.089012 	 0.088850 
5.820000 	 0.089463 	 0.089304 
5.830000 	 0.089906 	 0.089749 
5.840000 	 0.090339 	 0.090185 
5.850000 	 0.090763 	 0.090613 
5.860000 	 0.091179 	 0.091031 
5.870000 	 0.091585 	 0.091440 
5.880000 	 0.091982 	 0.091840 
5.890000 	 0.092369 	 0.092231 
5.900000 	 0.092748 	 0.092612 
5.910000 	 0.093117 	 0.092984 
5.920000 	 0.093477 	 0.093347 
5.930000 	 0.093828 	 0.093701 
5.940000 	 0.094169 	 0.094045 
5.950000 	 0.094501 	 0.094380 
5.960000 	 0.094823 	 0.094706 
5.970000 	 0.095136 	 0.095022 
5.980000 	 0.095439 	 0.095329 
5.990000 	 0.095733 	 0.095626 
6.000000 	 0.096017 	 0.095913 
6.010000 	 0.096292 	 0.096191 
6.020000 	 0.096557 	 0.096459 
6.030000 	 0.096812 	 0.096718 
6.040000 	 0.097058 	 0.096967 
6.050000 	 0.097294 	 0.097207 
6.060000 	 0.097520 	 0.097436 
6.070000 	 0.097736 	 0.097656 
6.080000 	 0.097943 	 0.097866 
6.090000 	 0.098140 	 0.098067 
6.100000 	 0.098327 	 0.098257 
6.110000 	 0.098504 	 0.098438 
6.120000 	 0.098671 	 0.098609 
6.130000 	 0.098829 	 0.098770 
6.140000 	 0.098977 	 0.098922 
6.150000 	 0.099114 	 0.099063 
6.160000 	 0.099242 	 0.099195 
6.170000 	 0.099360 	 0.099316 
6.180000 	 0.099468 	 0.099428 
6.190000 	 0.099566 	 0.099530 
6.200000 	 0.099654 	 0.099621 
6.210000 	 0.099732 	 0.099703 
6.220000 	 0.099800 	 0.099775 
6.230000 	 0.099859 	 0.099837 
6.240000 	 0.099907 	 0.099889 
6.250000 	 0.099945 	 0.099931 
6.260000 	 0.099973 	 0.099963 
6.270000 	 0.099991 	 0.099985 
6.280000 	 0.099999 	 0.099997 
6.290000 	 0.099998 	 0.100000 
6.300000 	 0.099986 	 0.099992 
6.310000 	 0.099964 	 0.099974 
6.320000 	 0.099932 	 0.099946 
6.330000 	 0.099890 	 0.099908 
6.340000 	 0.099839 	 0.099860 
6.350000 	 0.099777 	 0.099803 
6.360000 	 0.099705 	 0.099735 
6.370000 	 0.099623 	 0.099657 
6.380000 	 0.099532 	 0.099570 
6.390000 	 0.099430 	 0.099472 
6.400000 	 0.099318 	 0.099365 
6.410000 	 0.099197 	 0.099247 
6.420000 	 0.099066 	 0.099120 
6.430000 	 0.098924 	 0.098983 
6.440000 	 0.098773 	 0.098836 
6.450000 	 0.098612 	 0.098679 
6.460000 	 0.098441 	 0.098512 
6.470000 	 0.098260 	 0.098335 
6.480000 	 0.098069 	 0.098149 
6.490000 	 0.097869 	 0.097952 
6.500000 	 0.097659 	 0.097746 
6.510000 	 0.097439 	 0.097530 
6.520000 	 0.097209 	 0.097305 
6.530000 	 0.096970 	 0.097070 
6.540000 	 0.096720 	 0.096825 
6.550000 	 0.096462 	 0.096570 
6.560000 	 0.096193 	 0.096306 
6.570000 	 0.095915 	 0.096032 
6.580000 	 0.095627 	 0.095748 
6.590000 	 0.095330 	 0.095455 
6.600000 	 0.095023 	 0.095153 
6.610000 	 0.094707 	 0.094841 
6.620000 	 0.094381 	 0.094519 
6.630000 	 0.094046 	 0.094188 
6.640000 	 0.093701 	 0.093848 
6.650000 	 0.093347 	 0.093498 
6.660000 	 0.092984 	 0.093139 
6.670000 	 0.092612 	 0.092771 
6.680000 	 0.092230 	 0.092393 
6.690000 	 0.091839 	 0.092006 
6.700000 	 0.091438 	 0.091610 
6.710000 	 0.091029 	 0.091205 
6.720000 	 0.090610 	 0.090791 
6.730000 	 0.090183 	 0.090367 
6.740000 	 0.089746 	 0.089935 
6.750000 	 0.089301 	 0.089493 
6.760000 	 0.088846 	 0.089043 
6.770000 	 0.088383 	 0.088584 
6.780000 	 0.087911 	 0.088116 
6.790000 	 0.087430 	 0.087639 
6.800000 	 0.086940 	 0.087153 
6.810000 	 0.086441 	 0.086659 
6.820000 	 0.085934 	 0.086156 
6.830000 	 0.085419 	 0.085644 
6.840000 	 0.084894 	 0.085124 
6.850000 	 0.084362 	 0.084596 
6.860000 	 0.083820 	 0.084059 
6.870000 	 0.083271 	 0.083513 
6.880000 	 0.082713 	 0.082959 
6.890000 	 0.082147 	 0.082397 
6.900000 	 0.081573 	 0.081827 
6.910000 	 0.080990 	 0.081248 
6.920000 	 0.080399 	 0.080662 
6.930000 	 0.079801 	 0.080067 
6.940000 	 0.079194 	 0.079464 
6.950000 	 0.078580 	 0.078854 
6.960000 	 0.077957 	 0.078235 
6.970000 	 0.077327 	 0.077609 
6.980000 	 0.076689 	 0.076975 
6.990000 	 0.076043 	 0.076333 
7.000000 	 0.075390 	 0.075684 
7.010000 	 0.074729 	 0.075027 
7.020000 	 0.074061 	 0.074362 
7.030000 	 0.073386 	 0.073690 
7.040000 	 0.072703 	 0.073011 
7.050000 	 0.072012 	 0.072325 
7.060000 	 0.071315 	 0.071631 
7.070000 	 0.070610 	 0.070930 
7.080000 	 0.069899 	 0.070222 
7.090000 	 0.069180 	 0.069507 
7.100000 	 0.068455 	 0.068785 
7.110000 	 0.067722 	 0.068056 
7.120000 	 0.066983 	 0.067321 
7.130000 	 0.066237 	 0.066578 
7.140000 	 0.065485 	 0.065829 
7.150000 	 0.064726 	 0.065074 
7.160000 	 0.063960 	 0.064311 
7.170000 	 0.063188 	 0.063543 
7.180000 	 0.062410 	 0.062768 
7.190000 	 0.061626 	 0.061987 
7.200000 	 0.060835 	 0.061200 
7.210000 	 0.060038 	 0.060406 
7.220000 	 0.059236 	 0.059607 
7.230000 	 0.058427 	 0.058801 
7.240000 	 0.057613 	 0.057990 
7.250000 	 0.056792 	 0.057173 
7.260000 	 0.055967 	 0.056350 
7.270000 	 0.055135 	 0.055521 
7.280000 	 0.054298 	 0.054687 
7.290000 	 0.053456 	 0.053848 
7.300000 	 0.052608 	 0.053003 
7.310000 	 0.051755 	 0.052153 
7.320000 	 0.050896 	 0.051298 
7.330000 	 0.050033 	 0.050437 
7.340000 	 0.049165 	 0.049572 
7.350000 	 0.048292 	 0.048701 
7.360000 	 0.047414 	 0.047826 
7.370000 	 0.046531 	 0.046946 
7.380000 	 0.045643 	 0.046061 
7.390000 	 0.044751 	 0.045171 
7.400000 	 0.043855 	 0.044277 
7.410000 	 0.042954 	 0.043379 
7.420000 	 0.042049 	 0.042476 
7.430000 	 0.041139 	 0.041569 
7.440000 	 0.040226 	 0.040658 
7.450000 	 0.039308 	 0.039743 
7.460000 	 0.038387 	 0.038824 
7.470000 	 0.037462 	 0.037901 
7.480000 	 0.036532 	 0.036974 
7.490000 	 0.035600 	 0.036043 
7.500000 	 0.034664 	 0.035109 
7.510000 	 0.033724 	 0.034172 
7.520000 	 0.032781 	 0.033231 
7.530000 	 0.031834 	 0.032286 
7.540000 	 0.030885 	 0.031339 
7.550000 	 0.029932 	 0.030388 
7.560000 	 0.028977 	 0.029434 
7.570000 	 0.028018 	 0.028477 
7.580000 	 0.027057 	 0.027518 
7.590000 	 0.026093 	 0.026555 
7.600000 	 0.025126 	 0.025590 
7.610000 	 0.024157 	 0.024623 
7.620000 	 0.023185 	 0.023653 
7.630000 	 0.022211 	 0.022681 
7.640000 	 0.021235 	 0.021706 
7.650000 	 0.020257 	 0.020729 
7.660000 	 0.019277 	 0.019750 
7.670000 	 0.018295 	 0.018769 
7.680000 	 0.017311 	 0.017787 
7.690000 	 0.016325 	 0.016802 
7.700000 	 0.015337 	 0.015816 
7.710000 	 0.014348 	 0.014828 
7.720000 	 0.013358 	 0.013839 
7.730000 	 0.012366 	 0.012848 
7.740000 	 0.011373 	 0.011856 
7.750000 	 0.010379 	 0.010863 
7.760000 	 0.009384 	 0.009869 
7.770000 	 0.008388 	 0.008874 
7.780000 	 0.007391 	 0.007878 
7.790000 	 0.006394 	 0.006881 
7.800000 	 0.005396 	 0.005883 
7.810000 	 0.004397 	 0.004885 
7.820000 	 0.003398 	 0.003887 
7.830000 	 0.002398 	 0.002888 
7.840000 	 0.001398 	 0.001888 
7.850000 	 0.000398 	 0.000889 
7.860000 	 -0.000602 	 -0.000111 
7.870000 	 -0.001602 	 -0.001110 
7.880000 	 -0.002602 	 -0.002110 
7.890000 	 -0.003601 	 -0.003109 
7.900000 	 -0.004600 	 -0.004108 
7.910000 	 -0.005599 	 -0.005106 
7.920000 	 -0.006597 	 -0.006104 
7.930000 	 -0.007595 	 -0.007102 
7.940000 	 -0.008591 	 -0.008098 
7.950000 	 -0.009587 	 -0.009094 
7.960000 	 -0.010582 	 -0.010089 
7.970000 	 -0.011576 	 -0.011083 
7.980000 	 -0.012569 	 -0.012076 
7.990000 	 -0.013560 	 -0.013068 
8.000000 	 -0.014550 	 -0.014058 
8.010000 	 -0.015539 	 -0.015047 
8.020000 	 -0.016526 	 -0.016034 
8.030000 	 -0.017511 	 -0.017020 
8.040000 	 -0.018495 	 -0.018004 
8.050000 	 -0.019477 	 -0.018987 
8.060000 	 -0.020456 	 -0.019967 
8.070000 	 -0.021434 	 -0.020946 
8.080000 	 -0.022410 	 -0.021922 
8.090000 	 -0.023383 	 -0.022896 
8.100000 	 -0.024354 	 -0.023868 
8.110000 	 -0.025323 	 -0.024837 
8.120000 	 -0.026289 	 -0.025804 
8.130000 	 -0.027253 	 -0.026769 
8.140000 	 -0.028213 	 -0.027730 
8.150000 	 -0.029171 	 -0.028689 
8.160000 	 -0.030126 	 -0.029645 
8.170000 	 -0.031078 	 -0.030599 
8.180000 	 -0.032027 	 -0.031549 
8.190000 	 -0.032973 	 -0.032495 
8.200000 	 -0.033915 	 -0.033439 
8.210000 	 -0.034855 	 -0.034379 
8.220000 	 -0.035790 	 -0.035316 
8.230000 	 -0.036722 	 -0.036250 
8.240000 	 -0.037650 	 -0.037179 
8.250000 	 -0.038575 	 -0.038105 
8.260000 	 -0.039495 	 -0.039028 
8.270000 	 -0.040412 	 -0.039946 
8.280000 	 -0.041325 	 -0.040860 
8.290000 	 -0.042233 	 -0.041770 
8.300000 	 -0.043138 	 -0.042676 
8.310000 	 -0.044038 	 -0.043578 
8.320000 	 -0.044933 	 -0.044476 
8.330000 	 -0.045824 	 -0.045369 
8.340000 	 -0.046711 	 -0.046257 
8.350000 	 -0.047593 	 -0.047141 
8.360000 	 -0.048470 	 -0.048020 
8.370000 	 -0.049342 	 -0.048894 
8.380000 	 -0.050209 	 -0.049764 
8.390000 	 -0.051072 	 -0.050628 
8.400000 	 -0.051929 	 -0.051487 
8.410000 	 -0.052781 	 -0.052342 
8.420000 	 -0.053628 	 -0.053191 
8.430000 	 -0.054469 	 -0.054034 
8.440000 	 -0.055305 	 -0.054873 
8.450000 	 -0.056135 	 -0.055705 
8.460000 	 -0.056960 	 -0.056533 
8.470000 	 -0.057779 	 -0.057354 
8.480000 	 -0.058592 	 -0.058170 
8.490000 	 -0.059400 	 -0.058980 
8.500000 	 -0.060201 	 -0.059784 
8.510000 	 -0.060997 	 -0.060582 
8.520000 	 -0.061786 	 -0.061374 
8.530000 	 -0.062569 	 -0.062160 
8.540000 	 -0.063346 	 -0.062940 
8.550000 	 -0.064117 	 -0.063714 
8.560000 	 -0.064881 	 -0.064481 
8.570000 	 -0.065639 	 -0.065241 
8.580000 	 -0.066390 	 -0.065996 
8.590000 	 -0.067134 	 -0.066743 
8.600000 	 -0.067872 	 -0.067484 
8.610000 	 -0.068603 	 -0.068218 
8.620000 	 -0.069327 	 -0.068945 
8.630000 	 -0.070044 	 -0.069666 
8.640000 	 -0.070755 	 -0.070379 
8.650000 	 -0.071458 	 -0.071086 
8.660000 	 -0.072154 	 -0.071785 
8.670000 	 -0.072842 	 -0.072477 
8.680000 	 -0.073524 	 -0.073162 
8.690000 	 -0.074198 	 -0.073840 
8.700000 	 -0.074865 	 -0.074510 
8.710000 	 -0.075524 	 -0.075173 
8.720000 	 -0.076176 	 -0.075828 
8.730000 	 -0.076820 	 -0.076476 
8.740000 	 -0.077456 	 -0.077116 
8.750000 	 -0.078085 	 -0.077748 
8.760000 	 -0.078705 	 -0.078373 
8.770000 	 -0.079318 	 -0.078990 
8.780000 	 -0.079923 	 -0.079598 
8.790000 	 -0.080520 	 -0.080199 
8.800000 	 -0.081109 	 -0.080792 
8.810000 	 -0.081690 	 -0.081377 
8.820000 	 -0.082263 	 -0.081954 
8.830000 	 -0.082827 	 -0.082522 
8.840000 	 -0.083383 	 -0.083083 
8.850000 	 -0.083931 	 -0.083635 
8.860000 	 -0.084471 	 -0.084178 
8.870000 	 -0.085002 	 -0.084713 
8.880000 	 -0.085524 	 -0.085240 
8.890000 	 -0.086038 	 -0.085758 
8.900000 	 -0.086544 	 -0.086268 
8.910000 	 -0.087040 	 -0.086769 
8.920000 	 -0.087528 	 -0.087262 
8.930000 	 -0.088007 	 -0.087745 
8.940000 	 -0.088478 	 -0.088220 
8.950000 	 -0.088939 	 -0.088686 
8.960000 	 -0.089392 	 -0.089144 
8.970000 	 -0.089836 	 -0.089592 
8.980000 	 -0.090271 	 -0.090031 
8.990000 	 -0.090696 	 -0.090462 
9.000000 	 -0.091113 	 -0.090883 
9.010000 	 -0.091521 	 -0.091295 
9.020000 	 -0.091919 	 -0.091699 
9.030000 	 -0.092308 	 -0.092093 
9.040000 	 -0.092688 	 -0.092477 
9.050000 	 -0.093059 	 -0.092853 
9.060000 	 -0.093420 	 -0.093219 
9.070000 	 -0.093772 	 -0.093576 
9.080000 	 -0.094115 	 -0.093924 
9.090000 	 -0.094448 	 -0.094262 
9.100000 	 -0.094772 	 -0.094591 
9.110000 	 -0.095087 	 -0.094911 
9.120000 	 -0.095391 	 -0.095221 
9.130000 	 -0.095687 	 -0.095521 
9.140000 	 -0.095972 	 -0.095812 
9.150000 	 -0.096249 	 -0.096093 
9.160000 	 -0.096515 	 -0.096365 
9.170000 	 -0.096772 	 -0.096627 
9.180000 	 -0.097019 	 -0.096880 
9.190000 	 -0.097257 	 -0.097123 
9.200000 	 -0.097484 	 -0.097356 
9.210000 	 -0.097702 	 -0.097579 
9.220000 	 -0.097911 	 -0.097793 
9.230000 	 -0.098109 	 -0.097997 
9.240000 	 -0.098298 	 -0.098191 
9.250000 	 -0.098477 	 -0.098375 
9.260000 	 -0.098645 	 -0.098549 
9.270000 	 -0.098805 	 -0.098714 
9.280000 	 -0.098954 	 -0.098869 
9.290000 	 -0.099093 	 -0.099014 
9.300000 	 -0.099223 	 -0.099149 
9.310000 	 -0.099342 	 -0.099274 
9.320000 	 -0.099452 	 -0.099389 
9.330000 	 -0.099551 	 -0.099495 
9.340000 	 -0.099641 	 -0.099590 
9.350000 	 -0.099721 	 -0.099675 
9.360000 	 -0.099790 	 -0.099751 
9.370000 	 -0.099850 	 -0.099816 
9.380000 	 -0.099900 	 -0.099872 
9.390000 	 -0.099940 	 -0.099917 
9.400000 	 -0.099969 	 -0.099953 
9.410000 	 -0.099989 	 -0.099979 
9.420000 	 -0.099999 	 -0.099994 
9.430000 	 -0.099999 	 -0.100000 
9.440000 	 -0.099988 	 -0.099996 
9.450000 	 -0.099968 	 -0.099981 
9.460000 	 -0.099938 	 -0.099957 
9.470000 	 -0.099898 	 -0.099923 
9.480000 	 -0.099848 	 -0.099879 
9.490000 	 -0.099787 	 -0.099824 
9.500000 	 -0.099717 	 -0.099760 
9.510000 	 -0.099637 	 -0.099686 
9.520000 	 -0.099547 	 -0.099602 
9.530000 	 -0.099447 	 -0.099508 
9.540000 	 -0.099337 	 -0.099404 
9.550000 	 -0.099217 	 -0.099290 
9.560000 	 -0.099087 	 -0.099166 
9.570000 	 -0.098947 	 -0.099033 
9.580000 	 -0.098798 	 -0.098889 
9.590000 	 -0.098638 	 -0.098736 
9.600000 	 -0.098469 	 -0.098572 
9.610000 	 -0.098290 	 -0.098399 
9.620000 	 -0.098100 	 -0.098216 
9.630000 	 -0.097902 	 -0.098023 
9.640000 	 -0.097693 	 -0.097821 
9.650000 	 -0.097474 	 -0.097608 
9.660000 	 -0.097246 	 -0.097386 
9.670000 	 -0.097008 	 -0.097154 
9.680000 	 -0.096761 	 -0.096913 
9.690000 	 -0.096503 	 -0.096662 
9.700000 	 -0.096236 	 -0.096401 
9.710000 	 -0.095960 	 -0.096130 
9.720000 	 -0.095674 	 -0.095850 
9.730000 	 -0.095378 	 -0.095561 
9.740000 	 -0.095073 	 -0.095262 
9.750000 	 -0.094758 	 -0.094953 
9.760000 	 -0.094434 	 -0.094635 
9.770000 	 -0.094100 	 -0.094307 
9.780000 	 -0.093757 	 -0.093970 
9.790000 	 -0.093404 	 -0.093624 
9.800000 	 -0.093043 	 -0.093268 
9.810000 	 -0.092672 	 -0.092903 
9.820000 	 -0.092291 	 -0.092528 
9.830000 	 -0.091901 	 -0.092145 
9.840000 	 -0.091503 	 -0.091752 
9.850000 	 -0.091095 	 -0.091350 
9.860000 	 -0.090678 	 -0.090939 
9.870000 	 -0.090252 	 -0.090519 
9.880000 	 -0.089816 	 -0.090090 
9.890000 	 -0.089372 	 -0.089651 
9.900000 	 -0.088919 	 -0.089204 
9.910000 	 -0.088457 	 -0.088748 
9.920000 	 -0.087986 	 -0.088283 
9.930000 	 -0.087507 	 -0.087810 
9.940000 	 -0.087018 	 -0.087327 
9.950000 	 -0.086521 	 -0.086836 
9.960000 	 -0.086016 	 -0.086336 
9.970000 	 -0.085501 	 -0.085827 
9.980000 	 -0.084978 	 -0.085310 
9.990000 	 -0.084447 	 -0.084785 
10.000000 	 -0.083907 	 -0.084251 
10.010000 	 -0.083359 	 -0.083708 
10.020000 	 -0.082802 	 -0.083157 
10.030000 	 -0.082238 	 -0.082598 
10.040000 	 -0.081665 	 -0.082031 
10.050000 	 -0.081083 	 -0.081455 
10.060000 	 -0.080494 	 -0.080871 
10.070000 	 -0.079897 	 -0.080279 
10.080000 	 -0.079291 	 -0.079680 
10.090000 	 -0.078678 	 -0.079072 
10.100000 	 -0.078057 	 -0.078456 
10.110000 	 -0.077428 	 -0.077833 
10.120000 	 -0.076791 	 -0.077201 
10.130000 	 -0.076147 	 -0.076562 
10.140000 	 -0.075495 	 -0.075916 
10.150000 	 -0.074835 	 -0.075261 
10.160000 	 -0.074168 	 -0.074599 
10.170000 	 -0.073494 	 -0.073930 
10.180000 	 -0.072812 	 -0.073254 
10.190000 	 -0.072123 	 -0.072570 
10.200000 	 -0.071427 	 -0.071879 
10.210000 	 -0.070723 	 -0.071180 
10.220000 	 -0.070013 	 -0.070475 
10.230000 	 -0.069295 	 -0.069762 
10.240000 	 -0.068571 	 -0.069043 
10.250000 	 -0.067839 	 -0.068316 
10.260000 	 -0.067101 	 -0.067583 
10.270000 	 -0.066357 	 -0.066843 
10.280000 	 -0.065605 	 -0.066096 
10.290000 	 -0.064847 	 -0.065343 
10.300000 	 -0.064083 	 -0.064583 
10.310000 	 -0.063312 	 -0.063817 
10.320000 	 -0.062535 	 -0.063044 
10.330000 	 -0.061751 	 -0.062266 
10.340000 	 -0.060961 	 -0.061480 
10.350000 	 -0.060166 	 -0.060689 
10.360000 	 -0.059364 	 -0.059892 
10.370000 	 -0.058556 	 -0.059088 
10.380000 	 -0.057743 	 -0.058279 
10.390000 	 -0.056923 	 -0.057464 
10.400000 	 -0.056098 	 -0.056643 
10.410000 	 -0.055268 	 -0.055817 
10.420000 	 -0.054432 	 -0.054985 
10.430000 	 -0.053590 	 -0.054147 
10.440000 	 -0.052743 	 -0.053304 
10.450000 	 -0.051891 	 -0.052456 
10.460000 	 -0.051033 	 -0.051602 
10.470000 	 -0.050171 	 -0.050744 
10.480000 	 -0.049303 	 -0.049880 
10.490000 	 -0.048431 	 -0.049011 
10.500000 	 -0.047554 	 -0.048138 
10.510000 	 -0.046672 	 -0.047259 
10.520000 	 -0.045785 	 -0.046376 
10.530000 	 -0.044894 	 -0.045488 
10.540000 	 -0.043998 	 -0.044596 
10.550000 	 -0.043098 	 -0.043699 
10.560000 	 -0.042193 	 -0.042798 
10.570000 	 -0.041284 	 -0.041892 
10.580000 	 -0.040372 	 -0.040983 
10.590000 	 -0.039455 	 -0.040069 
10.600000 	 -0.038534 	 -0.039151 
10.610000 	 -0.037609 	 -0.038230 
10.620000 	 -0.036681 	 -0.037304 
10.630000 	 -0.035749 	 -0.036375 
10.640000 	 -0.034813 	 -0.035442 
10.650000 	 -0.033874 	 -0.034506 
10.660000 	 -0.032931 	 -0.033566 
10.670000 	 -0.031985 	 -0.032622 
10.680000 	 -0.031036 	 -0.031676 
10.690000 	 -0.030084 	 -0.030726 
10.700000 	 -0.029129 	 -0.029774 
10.710000 	 -0.028171 	 -0.028818 
10.720000 	 -0.027210 	 -0.027859 
10.730000 	 -0.026246 	 -0.026898 
10.740000 	 -0.025280 	 -0.025934 
10.750000 	 -0.024311 	 -0.024967 
10.760000 	 -0.023340 	 -0.023998 
10.770000 	 -0.022367 	 -0.023027 
10.780000 	 -0.021391 	 -0.022053 
10.790000 	 -0.020413 	 -0.021077 
10.800000 	 -0.019433 	 -0.020099 
10.810000 	 -0.018451 	 -0.019119 
10.820000 	 -0.017467 	 -0.018136 
10.830000 	 -0.016482 	 -0.017153 
10.840000 	 -0.015495 	 -0.016167 
10.850000 	 -0.014506 	 -0.015180 
10.860000 	 -0.013516 	 -0.014191 
10.870000 	 -0.012524 	 -0.013201 
10.880000 	 -0.011532 	 -0.012209 
10.890000 	 -0.010538 	 -0.011217 
10.900000 	 -0.009543 	 -0.010223 
10.910000 	 -0.008547 	 -0.009228 
10.920000 	 -0.007550 	 -0.008232 
10.930000 	 -0.006553 	 -0.007236 
10.940000 	 -0.005555 	 -0.006238 
10.950000 	 -0.004556 	 -0.005240 
10.960000 	 -0.003557 	 -0.004242 
10.970000 	 -0.002557 	 -0.003243 
10.980000 	 -0.001557 	 -0.002244 
10.990000 	 -0.000557 	 -0.001244 
11.000000 	 0.000443 	 -0.000245 
11.010000 	 0.001443 	 0.000755 
11.020000 	 0.002442 	 0.001754 
11.030000 	 0.003442 	 0.002753 
11.040000 	 0.004441 	 0.003753 
11.050000 	 0.005440 	 0.004751 
11.060000 	 0.006438 	 0.005749 
11.070000 	 0.007436 	 0.006747 
11.080000 	 0.008433 	 0.007744 
11.090000 	 0.009429 	 0.008740 
11.100000 	 0.010424 	 0.009735 
11.110000 	 0.011418 	 0.010730 
11.120000 	 0.012410 	 0.011723 
11.130000 	 0.013402 	 0.012715 
11.140000 	 0.014392 	 0.013706 
11.150000 	 0.015381 	 0.014695 
11.160000 	 0.016369 	 0.015683 
11.170000 	 0.017354 	 0.016670 
11.180000 	 0.018338 	 0.017654 
11.190000 	 0.019320 	 0.018637 
11.200000 	 0.020300 	 0.019619 
11.210000 	 0.021279 	 0.020598 
11.220000 	 0.022255 	 0.021575 
11.230000 	 0.023228 	 0.022550 
11.240000 	 0.024200 	 0.023522 
11.250000 	 0.025169 	 0.024493 
11.260000 	 0.026135 	 0.025461 
11.270000 	 0.027099 	 0.026426 
11.280000 	 0.028061 	 0.027389 
11.290000 	 0.029019 	 0.028349 
11.300000 	 0.029975 	 0.029306 
11.310000 	 0.030927 	 0.030260 
11.320000 	 0.031876 	 0.031211 
11.330000 	 0.032823 	 0.032159 
11.340000 	 0.033766 	 0.033104 
11.350000 	 0.034705 	 0.034045 
11.360000 	 0.035641 	 0.034983 
11.370000 	 0.036574 	 0.035918 
11.380000 	 0.037503 	 0.036849 
11.390000 	 0.038428 	 0.037776 
11.400000 	 0.039349 	 0.038700 
11.410000 	 0.040266 	 0.039620 
11.420000 	 0.041180 	 0.040535 
11.430000 	 0.042089 	 0.041447 
11.440000 	 0.042994 	 0.042355 
11.450000 	 0.043895 	 0.043258 
11.460000 	 0.044791 	 0.044157 
11.470000 	 0.045683 	 0.045051 
11.480000 	 0.046570 	 0.045941 
11.490000 	 0.047453 	 0.046827 
11.500000 	 0.048330 	 0.047708 
11.510000 	 0.049203 	 0.048584 
11.520000 	 0.050072 	 0.049455 
11.530000 	 0.050935 	 0.050321 
11.540000 	 0.051793 	 0.051182 
11.550000 	 0.052646 	 0.052038 
11.560000 	 0.053493 	 0.052889 
11.570000 	 0.054335 	 0.053735 
11.580000 	 0.055172 	 0.054575 
11.590000 	 0.056003 	 0.055410 
11.600000 	 0.056829 	 0.056239 
11.610000 	 0.057649 	 0.057063 
11.620000 	 0.058463 	 0.057880 
11.630000 	 0.059272 	 0.058693 
11.640000 	 0.060074 	 0.059499 
11.650000 	 0.060870 	 0.060299 
11.660000 	 0.061661 	 0.061093 
11.670000 	 0.062445 	 0.061882 
11.680000 	 0.063223 	 0.062664 
11.690000 	 0.063994 	 0.063439 
11.700000 	 0.064760 	 0.064209 
11.710000 	 0.065518 	 0.064972 
11.720000 	 0.066271 	 0.065728 
11.730000 	 0.067016 	 0.066478 
11.740000 	 0.067755 	 0.067221 
11.750000 	 0.068487 	 0.067958 
11.760000 	 0.069212 	 0.068687 
11.770000 	 0.069931 	 0.069410 
11.780000 	 0.070642 	 0.070126 
11.790000 	 0.071346 	 0.070835 
11.800000 	 0.072043 	 0.071537 
11.810000 	 0.072733 	 0.072232 
11.820000 	 0.073416 	 0.072919 
11.830000 	 0.074091 	 0.073600 
11.840000 	 0.074759 	 0.074272 
11.850000 	 0.075419 	 0.074938 
11.860000 	 0.076072 	 0.075596 
11.870000 	 0.076718 	 0.076246 
11.880000 	 0.077355 	 0.076889 
11.890000 	 0.077985 	 0.077524 
11.900000 	 0.078607 	 0.078151 
11.910000 	 0.079221 	 0.078771 
11.920000 	 0.079828 	 0.079383 
11.930000 	 0.080426 	 0.079986 
11.940000 	 0.081016 	 0.080582 
11.950000 	 0.081598 	 0.081170 
11.960000 	 0.082172 	 0.081750 
11.970000 	 0.082738 	 0.082321 
11.980000 	 0.083295 	 0.082884 
11.990000 	 0.083845 	 0.083439 
12.000000 	 0.084385 	 0.083986 
12.010000 	 0.084918 	 0.084524 
12.020000 	 0.085442 	 0.085054 
12.030000 	 0.085957 	 0.085575 
12.040000 	 0.086464 	 0.086088 
12.050000 	 0.086962 	 0.086592 
12.060000 	 0.087451 	 0.087087 
12.070000 	 0.087932 	 0.087574 
12.080000 	 0.088404 	 0.088052 
12.090000 	 0.088867 	 0.088521 
12.100000 	 0.089321 	 0.088982 
12.110000 	 0.089766 	 0.089433 
12.120000 	 0.090202 	 0.089876 
12.130000 	 0.090629 	 0.090310 
12.140000 	 0.091047 	 0.090734 
12.150000 	 0.091456 	 0.091150 
12.160000 	 0.091856 	 0.091556 
12.170000 	 0.092247 	 0.091953 
12.180000 	 0.092628 	 0.092342 
12.190000 	 0.093000 	 0.092720 
12.200000 	 0.093363 	 0.093090 
12.210000 	 0.093717 	 0.093450 
12.220000 	 0.094061 	 0.093801 
12.230000 	 0.094396 	 0.094143 
12.240000 	 0.094721 	 0.094475 
12.250000 	 0.095037 	 0.094798 
12.260000 	 0.095343 	 0.095111 
12.270000 	 0.095640 	 0.095415 
12.280000 	 0.095928 	 0.095710 
12.290000 	 0.096205 	 0.095994 
12.300000 	 0.096473 	 0.096270 
12.310000 	 0.096732 	 0.096535 
12.320000 	 0.096980 	 0.096791 
12.330000 	 0.097219 	 0.097037 
12.340000 	 0.097449 	 0.097274 
12.350000 	 0.097668 	 0.097501 
12.360000 	 0.097878 	 0.097718 
12.370000 	 0.098078 	 0.097925 
12.380000 	 0.098268 	 0.098123 
12.390000 	 0.098449 	 0.098311 
12.400000 	 0.098619 	 0.098489 
12.410000 	 0.098780 	 0.098657 
12.420000 	 0.098931 	 0.098815 
12.430000 	 0.099072 	 0.098963 
12.440000 	 0.099203 	 0.099102 
12.450000 	 0.099324 	 0.099231 
12.460000 	 0.099435 	 0.099349 
12.470000 	 0.099536 	 0.099458 
12.480000 	 0.099627 	 0.099557 
12.490000 	 0.099709 	 0.099646 
12.500000 	 0.099780 	 0.099725 
12.510000 	 0.099841 	 0.099794 
12.520000 	 0.099893 	 0.099853 
12.530000 	 0.099934 	 0.099902 
12.540000 	 0.099965 	 0.099942 
12.550000 	 0.099987 	 0.099971 
12.560000 	 0.099998 	 0.099990 
12.570000 	 0.099999 	 0.099999 
12.580000 	 0.099991 	 0.099998 
12.590000 	 0.099972 	 0.099988 
12.600000 	 0.099943 	 0.099967 
12.610000 	 0.099905 	 0.099936 
12.620000 	 0.099856 	 0.099895 
12.630000 	 0.099798 	 0.099845 
12.640000 	 0.099729 	 0.099784 
12.650000 	 0.099651 	 0.099714 
12.660000 	 0.099562 	 0.099633 
12.670000 	 0.099464 	 0.099543 
12.680000 	 0.099355 	 0.099442 
12.690000 	 0.099237 	 0.099332 
12.700000 	 0.099108 	 0.099211 
12.710000 	 0.098970 	 0.099081 
12.720000 	 0.098822 	 0.098941 
12.730000 	 0.098664 	 0.098791 
12.740000 	 0.098496 	 0.098631 
12.750000 	 0.098319 	 0.098462 
12.760000 	 0.098131 	 0.098282 
12.770000 	 0.097934 	 0.098093 
12.780000 	 0.097727 	 0.097894 
12.790000 	 0.097510 	 0.097685 
12.800000 	 0.097283 	 0.097466 
12.810000 	 0.097047 	 0.097238 
12.820000 	 0.096801 	 0.097000 
12.830000 	 0.096545 	 0.096752 
12.840000 	 0.096280 	 0.096495 
12.850000 	 0.096005 	 0.096228 
12.860000 	 0.095720 	 0.095951 
12.870000 	 0.095426 	 0.095665 
12.880000 	 0.095122 	 0.095369 
12.890000 	 0.094809 	 0.095064 
12.900000 	 0.094486 	 0.094749 
12.910000 	 0.094154 	 0.094425 
12.920000 	 0.093812 	 0.094091 
12.930000 	 0.093461 	 0.093748 
12.940000 	 0.093101 	 0.093395 
12.950000 	 0.092731 	 0.093034 
12.960000 	 0.092352 	 0.092663 
12.970000 	 0.091964 	 0.092282 
12.980000 	 0.091567 	 0.091893 
12.990000 	 0.091160 	 0.091494 
13.000000 	 0.090745 	 0.091086 
13.010000 	 0.090320 	 0.090669 
13.020000 	 0.089886 	 0.090243 
13.030000 	 0.089444 	 0.089808 
13.040000 	 0.088992 	 0.089364 
13.050000 	 0.088531 	 0.088911 
13.060000 	 0.088062 	 0.088450 
13.070000 	 0.087584 	 0.087979 
13.080000 	 0.087097 	 0.087500 
13.090000 	 0.086601 	 0.087012 
13.100000 	 0.086097 	 0.086515 
13.110000 	 0.085584 	 0.086009 
13.120000 	 0.085062 	 0.085495 
13.130000 	 0.084532 	 0.084973 
13.140000 	 0.083994 	 0.084442 
13.150000 	 0.083447 	 0.083902 
13.160000 	 0.082892 	 0.083354 
13.170000 	 0.082328 	 0.082798 
13.180000 	 0.081756 	 0.082233 
13.190000 	 0.081176 	 0.081661 
13.200000 	 0.080588 	 0.081080 
13.210000 	 0.079992 	 0.080491 
13.220000 	 0.079388 	 0.079894 
13.230000 	 0.078776 	 0.079289 
13.240000 	 0.078156 	 0.078676 
13.250000 	 0.077529 	 0.078055 
13.260000 	 0.076893 	 0.077427 
13.270000 	 0.076250 	 0.076790 
13.280000 	 0.075599 	 0.076146 
13.290000 	 0.074941 	 0.075495 
13.300000 	 0.074275 	 0.074836 
13.310000 	 0.073602 	 0.074169 
13.320000 	 0.072921 	 0.073495 
13.330000 	 0.072233 	 0.072814 
13.340000 	 0.071538 	 0.072125 
13.350000 	 0.070836 	 0.071429 
13.360000 	 0.070126 	 0.070726 
13.370000 	 0.069410 	 0.070016 
13.380000 	 0.068687 	 0.069299 
13.390000 	 0.067956 	 0.068575 
13.400000 	 0.067219 	 0.067845 
13.410000 	 0.066476 	 0.067107 
13.420000 	 0.065725 	 0.066363 
13.430000 	 0.064968 	 0.065612 
13.440000 	 0.064205 	 0.064854 
13.450000 	 0.063435 	 0.064090 
13.460000 	 0.062659 	 0.063320 
13.470000 	 0.061876 	 0.062543 
13.480000 	 0.061088 	 0.061760 
13.490000 	 0.060293 	 0.060971 
13.500000 	 0.059492 	 0.060176 
13.510000 	 0.058685 	 0.059375 
13.520000 	 0.057873 	 0.058568 
13.530000 	 0.057054 	 0.057755 
13.540000 	 0.056230 	 0.056936 
13.550000 	 0.055400 	 0.056111 
13.560000 	 0.054565 	 0.055281 
13.570000 	 0.053724 	 0.054446 
13.580000 	 0.052878 	 0.053605 
13.590000 	 0.052027 	 0.052758 
13.600000 	 0.051170 	 0.051907 
13.610000 	 0.050309 	 0.051050 
13.620000 	 0.049442 	 0.050188 
13.630000 	 0.048570 	 0.049321 
13.640000 	 0.047694 	 0.048449 
13.650000 	 0.046812 	 0.047572 
13.660000 	 0.045926 	 0.046691 
13.670000 	 0.045036 	 0.045805 
13.680000 	 0.044141 	 0.044914 
13.690000 	 0.043241 	 0.044019 
13.700000 	 0.042337 	 0.043119 
13.710000 	 0.041429 	 0.042215 
13.720000 	 0.040517 	 0.041307 
13.730000 	 0.039601 	 0.040394 
13.740000 	 0.038681 	 0.039478 
13.750000 	 0.037757 	 0.038558 
13.760000 	 0.036829 	 0.037634 
13.770000 	 0.035897 	 0.036706 
13.780000 	 0.034962 	 0.035774 
13.790000 	 0.034024 	 0.034839 
13.800000 	 0.033081 	 0.033900 
13.810000 	 0.032136 	 0.032958 
13.820000 	 0.031188 	 0.032013 
13.830000 	 0.030236 	 0.031065 
13.840000 	 0.029281 	 0.030113 
13.850000 	 0.028324 	 0.029158 
13.860000 	 0.027363 	 0.028201 
13.870000 	 0.026400 	 0.027240 
13.880000 	 0.025434 	 0.026277 
13.890000 	 0.024466 	 0.025312 
13.900000 	 0.023495 	 0.024343 
13.910000 	 0.022522 	 0.023373 
13.920000 	 0.021546 	 0.022400 
13.930000 	 0.020569 	 0.021424 
13.940000 	 0.019589 	 0.020447 
13.950000 	 0.018608 	 0.019467 
13.960000 	 0.017624 	 0.018486 
13.970000 	 0.016639 	 0.017503 
13.980000 	 0.015652 	 0.016518 
13.990000 	 0.014664 	 0.015531 
14.000000 	 0.013674 	 0.014543 
14.010000 	 0.012682 	 0.013553 
14.020000 	 0.011690 	 0.012562 
14.030000 	 0.010696 	 0.011570 
14.040000 	 0.009701 	 0.010577 
14.050000 	 0.008706 	 0.009582 
14.060000 	 0.007709 	 0.008587 
14.070000 	 0.006712 	 0.007590 
14.080000 	 0.005714 	 0.006593 
14.090000 	 0.004715 	 0.005596 
14.100000 	 0.003716 	 0.004597 
14.110000 	 0.002716 	 0.003598 
14.120000 	 0.001717 	 0.002599 
14.130000 	 0.000717 	 0.001600 
14.140000 	 -0.000283 	 0.000601 
14.150000 	 -0.001283 	 -0.000399 
14.160000 	 -0.002283 	 -0.001399 
14.170000 	 -0.003283 	 -0.002398 
14.180000 	 -0.004282 	 -0.003397 
14.190000 	 -0.005281 	 -0.004396 
14.200000 	 -0.006279 	 -0.005394 
14.210000 	 -0.007277 	 -0.006392 
14.220000 	 -0.008274 	 -0.007389 
14.230000 	 -0.009270 	 -0.008386 
14.240000 	 -0.010265 	 -0.009381 
14.250000 	 -0.011259 	 -0.010376 
14.260000 	 -0.012252 	 -0.011370 
14.270000 	 -0.013244 	 -0.012362 
14.280000 	 -0.014235 	 -0.013354 
14.290000 	 -0.015224 	 -0.014344 
14.300000 	 -0.016211 	 -0.015332 
14.310000 	 -0.017197 	 -0.016319 
14.320000 	 -0.018182 	 -0.017304 
14.330000 	 -0.019164 	 -0.018288 
14.340000 	 -0.020145 	 -0.019270 
14.350000 	 -0.021123 	 -0.020250 
14.360000 	 -0.022099 	 -0.021227 
14.370000 	 -0.023074 	 -0.022203 
14.380000 	 -0.024045 	 -0.023177 
14.390000 	 -0.025015 	 -0.024148 
14.400000 	 -0.025982 	 -0.025117 
14.410000 	 -0.026946 	 -0.026083 
14.420000 	 -0.027908 	 -0.027046 
14.430000 	 -0.028867 	 -0.028007 
14.440000 	 -0.029823 	 -0.028965 
14.450000 	 -0.030776 	 -0.029921 
14.460000 	 -0.031725 	 -0.030873 
14.470000 	 -0.032672 	 -0.031822 
14.480000 	 -0.033616 	 -0.032768 
14.490000 	 -0.034556 	 -0.033711 
14.500000 	 -0.035492 	 -0.034650 
14.510000 	 -0.036426 	 -0.035586 
14.520000 	 -0.037355 	 -0.036518 
14.530000 	 -0.038281 	 -0.037447 
14.540000 	 -0.039203 	 -0.038372 
14.550000 	 -0.040121 	 -0.039293 
14.560000 	 -0.041035 	 -0.040210 
14.570000 	 -0.041944 	 -0.041123 
14.580000 	 -0.042850 	 -0.042032 
14.590000 	 -0.043751 	 -0.042937 
14.600000 	 -0.044648 	 -0.043838 
14.610000 	 -0.045541 	 -0.044734 
14.620000 	 -0.046429 	 -0.045625 
14.630000 	 -0.047312 	 -0.046512 
14.640000 	 -0.048191 	 -0.047395 
14.650000 	 -0.049065 	 -0.048273 
14.660000 	 -0.049934 	 -0.049146 
14.670000 	 -0.050798 	 -0.050014 
14.680000 	 -0.051656 	 -0.050877 
14.690000 	 -0.052510 	 -0.051734 
14.700000 	 -0.053358 	 -0.052587 
14.710000 	 -0.054202 	 -0.053435 
14.720000 	 -0.055039 	 -0.054277 
14.730000 	 -0.055871 	 -0.055113 
14.740000 	 -0.056698 	 -0.055945 
14.750000 	 -0.057519 	 -0.056770 
14.760000 	 -0.058334 	 -0.057590 
14.770000 	 -0.059143 	 -0.058404 
14.780000 	 -0.059947 	 -0.059213 
14.790000 	 -0.060744 	 -0.060015 
14.800000 	 -0.061535 	 -0.060812 
14.810000 	 -0.062320 	 -0.061602 
14.820000 	 -0.063099 	 -0.062386 
14.830000 	 -0.063872 	 -0.063164 
14.840000 	 -0.064638 	 -0.063936 
14.850000 	 -0.065398 	 -0.064701 
14.860000 	 -0.066151 	 -0.065460 
14.870000 	 -0.066898 	 -0.066212 
14.880000 	 -0.067638 	 -0.066958 
14.890000 	 -0.068371 	 -0.067696 
14.900000 	 -0.069097 	 -0.068429 
14.910000 	 -0.069817 	 -0.069154 
14.920000 	 -0.070529 	 -0.069872 
14.930000 	 -0.071234 	 -0.070584 
14.940000 	 -0.071933 	 -0.071288 
14.950000 	 -0.072624 	 -0.071986 
14.960000 	 -0.073308 	 -0.072676 
14.970000 	 -0.073984 	 -0.073358 
14.980000 	 -0.074653 	 -0.074034 
14.990000 	 -0.075315 	 -0.074702 
15.000000 	 -0.075969 	 -0.075363 
15.010000 	 -0.076615 	 -0.076016 
15.020000 	 -0.077254 	 -0.076661 
15.030000 	 -0.077885 	 -0.077299 
15.040000 	 -0.078508 	 -0.077929 
15.050000 	 -0.079124 	 -0.078552 
15.060000 	 -0.079731 	 -0.079166 
15.070000 	 -0.080331 	 -0.079773 
15.080000 	 -0.080923 	 -0.080371 
15.090000 	 -0.081506 	 -0.080962 
15.100000 	 -0.082081 	 -0.081544 
15.110000 	 -0.082648 	 -0.082119 
15.120000 	 -0.083207 	 -0.082685 
15.130000 	 -0.083758 	 -0.083243 
15.140000 	 -0.084300 	 -0.083792 
15.150000 	 -0.084834 	 -0.084334 
15.160000 	 -0.085359 	 -0.084866 
15.170000 	 -0.085875 	 -0.085391 
15.180000 	 -0.086383 	 -0.085906 
15.190000 	 -0.086883 	 -0.086414 
15.200000 	 -0.087374 	 -0.086912 
15.210000 	 -0.087856 	 -0.087402 
15.220000 	 -0.088329 	 -0.087883 
15.230000 	 -0.088793 	 -0.088356 
15.240000 	 -0.089249 	 -0.088819 
15.250000 	 -0.089695 	 -0.089274 
15.260000 	 -0.090133 	 -0.089720 
15.270000 	 -0.090562 	 -0.090156 
15.280000 	 -0.090981 	 -0.090584 
15.290000 	 -0.091392 	 -0.091003 
15.300000 	 -0.091793 	 -0.091413 
15.310000 	 -0.092185 	 -0.091813 
15.320000 	 -0.092568 	 -0.092205 
15.330000 	 -0.092942 	 -0.092587 
15.340000 	 -0.093306 	 -0.092960 
15.350000 	 -0.093661 	 -0.093323 
15.360000 	 -0.094007 	 -0.093678 
15.370000 	 -0.094343 	 -0.094023 
15.380000 	 -0.094670 	 -0.094358 
15.390000 	 -0.094987 	 -0.094684 
15.400000 	 -0.095295 	 -0.095001 
15.410000 	 -0.095594 	 -0.095308 
15.420000 	 -0.095882 	 -0.095606 
15.430000 	 -0.096162 	 -0.095894 
15.440000 	 -0.096431 	 -0.096173 
15.450000 	 -0.096691 	 -0.096442 
15.460000 	 -0.096941 	 -0.096701 
15.470000 	 -0.097182 	 -0.096951 
15.480000 	 -0.097413 	 -0.097191 
15.490000 	 -0.097634 	 -0.097421 
15.500000 	 -0.097845 	 -0.097642 
15.510000 	 -0.098047 	 -0.097853 
15.520000 	 -0.098239 	 -0.098054 
15.530000 	 -0.098421 	 -0.098245 
15.540000 	 -0.098593 	 -0.098426 
15.550000 	 -0.098755 	 -0.098598 
15.560000 	 -0.098907 	 -0.098760 
15.570000 	 -0.099050 	 -0.098912 
15.580000 	 -0.099182 	 -0.099054 
15.590000 	 -0.099305 	 -0.099186 
15.600000 	 -0.099418 	 -0.099308 
15.610000 	 -0.099521 	 -0.099421 
15.620000 	 -0.099613 	 -0.099523 
15.630000 	 -0.099696 	 -0.099616 
15.640000 	 -0.099769 	 -0.099698 
15.650000 	 -0.099832 	 -0.099771 
15.660000 	 -0.099885 	 -0.099833 
15.670000 	 -0.099928 	 -0.099886 
15.680000 	 -0.099961 	 -0.099929 
15.690000 	 -0.099984 	 -0.099961 
15.700000 	 -0.099997 	 -0.099984 
15.710000 	 -0.100000 	 -0.099997 
15.720000 	 -0.099993 	 -0.100000 
15.730000 	 -0.099976 	 -0.099993 
15.740000 	 -0.099949 	 -0.099975 
15.750000 	 -0.099912 	 -0.099948 
15.760000 	 -0.099865 	 -0.099911 
15.770000 	 -0.099808 	 -0.099864 
15.780000 	 -0.099741 	 -0.099807 
15.790000 	 -0.099664 	 -0.099740 
15.800000 	 -0.099577 	 -0.099663 
15.810000 	 -0.099480 	 -0.099576 
15.820000 	 -0.099373 	 -0.099479 
15.830000 	 -0.099256 	 -0.099372 
15.840000 	 -0.099130 	 -0.099255 
15.850000 	 -0.098993 	 -0.099129 
15.860000 	 -0.098846 	 -0.098992 
15.870000 	 -0.098690 	 -0.098846 
15.880000 	 -0.098524 	 -0.098689 
15.890000 	 -0.098348 	 -0.098523 
15.900000 	 -0.098162 	 -0.098347 
15.910000 	 -0.097966 	 -0.098161 
15.920000 	 -0.097760 	 -0.097966 
15.930000 	 -0.097545 	 -0.097760 
15.940000 	 -0.097320 	 -0.097545 
15.950000 	 -0.097085 	 -0.097320 
15.960000 	 -0.096841 	 -0.097086 
15.970000 	 -0.096586 	 -0.096841 
15.980000 	 -0.096323 	 -0.096587 
15.990000 	 -0.096049 	 -0.096324 
16.000000 	 -0.095766 	 -0.096051 
16.010000 	 -0.095473 	 -0.095768 
16.020000 	 -0.095171 	 -0.095475 
16.030000 	 -0.094859 	 -0.095173 
16.040000 	 -0.094538 	 -0.094862 
16.050000 	 -0.094207 	 -0.094541 
16.060000 	 -0.093867 	 -0.094211 
16.070000 	 -0.093518 	 -0.093871 
16.080000 	 -0.093159 	 -0.093522 
16.090000 	 -0.092791 	 -0.093163 
16.100000 	 -0.092413 	 -0.092796 
16.110000 	 -0.092027 	 -0.092419 
16.120000 	 -0.091631 	 -0.092032 
16.130000 	 -0.091226 	 -0.091637 
16.140000 	 -0.090811 	 -0.091232 
16.150000 	 -0.090388 	 -0.090819 
16.160000 	 -0.089956 	 -0.090396 
16.170000 	 -0.089515 	 -0.089964 
16.180000 	 -0.089064 	 -0.089523 
16.190000 	 -0.088605 	 -0.089074 
16.200000 	 -0.088137 	 -0.088615 
16.210000 	 -0.087660 	 -0.088148 
16.220000 	 -0.087175 	 -0.087671 
16.230000 	 -0.086681 	 -0.087186 
16.240000 	 -0.086178 	 -0.086692 
16.250000 	 -0.085666 	 -0.086190 
16.260000 	 -0.085146 	 -0.085679 
16.270000 	 -0.084617 	 -0.085160 
16.280000 	 -0.084080 	 -0.084631 
16.290000 	 -0.083534 	 -0.084095 
16.300000 	 -0.082981 	 -0.083550 
16.310000 	 -0.082418 	 -0.082997 
16.320000 	 -0.081848 	 -0.082435 
16.330000 	 -0.081269 	 -0.081865 
16.340000 	 -0.080683 	 -0.081287 
16.350000 	 -0.080088 	 -0.080701 
16.360000 	 -0.079485 	 -0.080107 
16.370000 	 -0.078874 	 -0.079505 
16.380000 	 -0.078256 	 -0.078895 
16.390000 	 -0.077629 	 -0.078277 
16.400000 	 -0.076995 	 -0.077651 
16.410000 	 -0.076353 	 -0.077018 
16.420000 	 -0.075703 	 -0.076376 
16.430000 	 -0.075046 	 -0.075728 
16.440000 	 -0.074381 	 -0.075071 
16.450000 	 -0.073709 	 -0.074407 
16.460000 	 -0.073030 	 -0.073736 
16.470000 	 -0.072343 	 -0.073057 
16.480000 	 -0.071649 	 -0.072371 
16.490000 	 -0.070948 	 -0.071678 
16.500000 	 -0.070240 	 -0.070977 
16.510000 	 -0.069524 	 -0.070270 
16.520000 	 -0.068802 	 -0.069555 
16.530000 	 -0.068073 	 -0.068834 
16.540000 	 -0.067337 	 -0.068105 
16.550000 	 -0.066594 	 -0.067370 
16.560000 	 -0.065845 	 -0.066628 
16.570000 	 -0.065089 	 -0.065880 
16.580000 	 -0.064327 	 -0.065125 
16.590000 	 -0.063558 	 -0.064363 
16.600000 	 -0.062783 	 -0.063595 
16.610000 	 -0.062001 	 -0.062820 
16.620000 	 -0.061214 	 -0.062040 
16.630000 	 -0.060420 	 -0.061253 
16.640000 	 -0.059620 	 -0.060460 
16.650000 	 -0.058814 	 -0.059661 
16.660000 	 -0.058003 	 -0.058856 
16.670000 	 -0.057185 	 -0.058045 
16.680000 	 -0.056362 	 -0.057228 
16.690000 	 -0.055533 	 -0.056405 
16.700000 	 -0.054699 	 -0.055577 
16.710000 	 -0.053859 	 -0.054744 
16.720000 	 -0.053013 	 -0.053905 
16.730000 	 -0.052163 	 -0.053060 
16.740000 	 -0.051307 	 -0.052210 
16.750000 	 -0.050446 	 -0.051355 
16.760000 	 -0.049580 	 -0.050495 
16.770000 	 -0.048709 	 -0.049630 
16.780000 	 -0.047834 	 -0.048760 
16.790000 	 -0.046953 	 -0.047885 
16.800000 	 -0.046068 	 -0.047005 
16.810000 	 -0.045178 	 -0.046120 
16.820000 	 -0.044284 	 -0.045231 
16.830000 	 -0.043385 	 -0.044338 
16.840000 	 -0.042482 	 -0.043439 
16.850000 	 -0.041574 	 -0.042537 
16.860000 	 -0.040663 	 -0.041630 
16.870000 	 -0.039747 	 -0.040719 
16.880000 	 -0.038828 	 -0.039805 
16.890000 	 -0.037904 	 -0.038886 
16.900000 	 -0.036977 	 -0.037963 
16.910000 	 -0.036046 	 -0.037036 
16.920000 	 -0.035111 	 -0.036106 
16.930000 	 -0.034173 	 -0.035172 
16.940000 	 -0.033232 	 -0.034235 
16.950000 	 -0.032287 	 -0.033294 
16.960000 	 -0.031339 	 -0.032350 
16.970000 	 -0.030388 	 -0.031402 
16.980000 	 -0.029433 	 -0.030452 
16.990000 	 -0.028476 	 -0.029498 
17.000000 	 -0.027516 	 -0.028542 
17.010000 	 -0.026554 	 -0.027582 
17.020000 	 -0.025588 	 -0.026620 
17.030000 	 -0.024620 	 -0.025655 
17.040000 	 -0.023650 	 -0.024688 
17.050000 	 -0.022677 	 -0.023718 
17.060000 	 -0.021702 	 -0.022746 
17.070000 	 -0.020725 	 -0.021771 
17.080000 	 -0.019745 	 -0.020795 
17.090000 	 -0.018764 	 -0.019816 
17.100000 	 -0.017781 	 -0.018835 
17.110000 	 -0.016796 	 -0.017853 
17.120000 	 -0.015809 	 -0.016868 
17.130000 	 -0.014821 	 -0.015882 
17.140000 	 -0.013831 	 -0.014895 
17.150000 	 -0.012840 	 -0.013905 
17.160000 	 -0.011848 	 -0.012915 
17.170000 	 -0.010855 	 -0.011923 
17.180000 	 -0.009860 	 -0.010930 
17.190000 	 -0.008864 	 -0.009936 
17.200000 	 -0.007868 	 -0.008941 
17.210000 	 -0.006871 	 -0.007945 
17.220000 	 -0.005873 	 -0.006948 
17.230000 	 -0.004874 	 -0.005950 
17.240000 	 -0.003875 	 -0.004952 
17.250000 	 -0.002876 	 -0.003954 
17.260000 	 -0.001876 	 -0.002955 
17.270000 	 -0.000876 	 -0.001956 
17.280000 	 0.000124 	 -0.000956 
17.290000 	 0.001124 	 0.000043 
17.300000 	 0.002124 	 0.001043 
17.310000 	 0.003124 	 0.002043 
17.320000 	 0.004123 	 0.003042 
17.330000 	 0.005122 	 0.004041 
17.340000 	 0.006120 	 0.005039 
17.350000 	 0.007118 	 0.006037 
17.360000 	 0.008115 	 0.007035 
17.370000 	 0.009111 	 0.008031 
17.380000 	 0.010107 	 0.009027 
17.390000 	 0.011101 	 0.010022 
17.400000 	 0.012094 	 0.011016 
17.410000 	 0.013086 	 0.012009 
17.420000 	 0.014077 	 0.013001 
17.430000 	 0.015066 	 0.013992 
17.440000 	 0.016054 	 0.014981 
17.450000 	 0.017040 	 0.015968 
17.460000 	 0.018025 	 0.016954 
17.470000 	 0.019008 	 0.017938 
17.480000 	 0.019988 	 0.018921 
17.490000 	 0.020967 	 0.019901 
17.500000 	 0.021944 	 0.020880 
17.510000 	 0.022919 	 0.021856 
17.520000 	 0.023891 	 0.022831 
17.530000 	 0.024861 	 0.023803 
17.540000 	 0.025828 	 0.024772 
17.550000 	 0.026793 	 0.025739 
17.560000 	 0.027755 	 0.026704 
17.570000 	 0.028714 	 0.027666 
17.580000 	 0.029670 	 0.028625 
17.590000 	 0.030624 	 0.029581 
17.600000 	 0.031574 	 0.030535 
17.610000 	 0.032522 	 0.031485 
17.620000 	 0.033466 	 0.032432 
17.630000 	 0.034406 	 0.033376 
17.640000 	 0.035343 	 0.034316 
17.650000 	 0.036277 	 0.035253 
17.660000 	 0.037207 	 0.036187 
17.670000 	 0.038134 	 0.037117 
17.680000 	 0.039056 	 0.038043 
17.690000 	 0.039975 	 0.038966 
17.700000 	 0.040889 	 0.039884 
17.710000 	 0.041800 	 0.040799 
17.720000 	 0.042706 	 0.041709 
17.730000 	 0.043608 	 0.042616 
17.740000 	 0.044506 	 0.043518 
17.750000 	 0.045399 	 0.044415 
17.760000 	 0.046288 	 0.045309 
17.770000 	 0.047172 	 0.046197 
17.780000 	 0.048051 	 0.047082 
17.790000 	 0.048926 	 0.047961 
17.800000 	 0.049796 	 0.048836 
17.810000 	 0.050660 	 0.049705 
17.820000 	 0.051520 	 0.050570 
17.830000 	 0.052374 	 0.051430 
17.840000 	 0.053224 	 0.052284 
17.850000 	 0.054068 	 0.053134 
17.860000 	 0.054906 	 0.053978 
17.870000 	 0.055739 	 0.054816 
17.880000 	 0.056567 	 0.055650 
17.890000 	 0.057388 	 0.056477 
17.900000 	 0.058204 	 0.057299 
17.910000 	 0.059015 	 0.058115 
17.920000 	 0.059819 	 0.058926 
17.930000 	 0.060617 	 0.059730 
17.940000 	 0.061410 	 0.060529 
17.950000 	 0.062196 	 0.061321 
17.960000 	 0.062976 	 0.062108 
17.970000 	 0.063749 	 0.062888 
17.980000 	 0.064517 	 0.063662 
17.990000 	 0.065277 	 0.064429 
18.000000 	 0.066032 	 0.065191 
18.010000 	 0.066779 	 0.065945 
18.020000 	 0.067520 	 0.066693 
18.030000 	 0.068255 	 0.067434 
18.040000 	 0.068982 	 0.068169 
18.050000 	 0.069703 	 0.068897 
18.060000 	 0.070416 	 0.069618 
18.070000 	 0.071123 	 0.070332 
18.080000 	 0.071822 	 0.071039 
18.090000 	 0.072514 	 0.071738 
18.100000 	 0.073199 	 0.072431 
18.110000 	 0.073877 	 0.073116 
18.120000 	 0.074547 	 0.073794 
18.130000 	 0.075210 	 0.074465 
18.140000 	 0.075865 	 0.075128 
18.150000 	 0.076513 	 0.075784 
18.160000 	 0.077153 	 0.076432 
18.170000 	 0.077785 	 0.077073 
18.180000 	 0.078410 	 0.077706 
18.190000 	 0.079026 	 0.078331 
18.200000 	 0.079635 	 0.078948 
18.210000 	 0.080236 	 0.079558 
18.220000 	 0.080829 	 0.080159 
18.230000 	 0.081414 	 0.080753 
18.240000 	 0.081990 	 0.081338 
18.250000 	 0.082559 	 0.081915 
18.260000 	 0.083119 	 0.082484 
18.270000 	 0.083671 	 0.083045 
18.280000 	 0.084214 	 0.083598 
18.290000 	 0.084749 	 0.084142 
18.300000 	 0.085276 	 0.084678 
18.310000 	 0.085794 	 0.085205 
18.320000 	 0.086303 	 0.085724 
18.330000 	 0.086804 	 0.086234 
18.340000 	 0.087296 	 0.086736 
18.350000 	 0.087780 	 0.087229 
18.360000 	 0.088254 	 0.087713 
18.370000 	 0.088720 	 0.088189 
18.380000 	 0.089177 	 0.088655 
18.390000 	 0.089625 	 0.089113 
18.400000 	 0.090064 	 0.089562 
18.410000 	 0.090494 	 0.090002 
18.420000 	 0.090915 	 0.090433 
18.430000 	 0.091327 	 0.090855 
18.440000 	 0.091730 	 0.091268 
18.450000 	 0.092123 	 0.091672 
18.460000 	 0.092508 	 0.092066 
18.470000 	 0.092883 	 0.092452 
18.480000 	 0.093249 	 0.092828 
18.490000 	 0.093605 	 0.093195 
18.500000 	 0.093952 	 0.093553 
18.510000 	 0.094290 	 0.093901 
18.520000 	 0.094619 	 0.094240 
18.530000 	 0.094938 	 0.094569 
18.540000 	 0.095247 	 0.094890 
18.550000 	 0.095547 	 0.095200 
18.560000 	 0.095837 	 0.095501 
18.570000 	 0.096118 	 0.095793 
18.580000 	 0.096389 	 0.096075 
18.590000 	 0.096650 	 0.096347 
18.600000 	 0.096902 	 0.096610 
18.610000 	 0.097144 	 0.096863 
18.620000 	 0.097377 	 0.097107 
18.630000 	 0.097599 	 0.097340 
18.640000 	 0.097812 	 0.097564 
18.650000 	 0.098015 	 0.097779 
18.660000 	 0.098209 	 0.097983 
18.670000 	 0.098392 	 0.098178 
18.680000 	 0.098566 	 0.098363 
18.690000 	 0.098730 	 0.098538 
18.700000 	 0.098884 	 0.098703 
18.710000 	 0.099028 	 0.098859 
18.720000 	 0.099162 	 0.099004 
18.730000 	 0.099286 	 0.099140 
18.740000 	 0.099400 	 0.099266 
18.750000 	 0.099505 	 0.099382 
18.760000 	 0.099599 	 0.099488 
18.770000 	 0.099684 	 0.099584 
18.780000 	 0.099758 	 0.099670 
18.790000 	 0.099823 	 0.099746 
18.800000 	 0.099877 	 0.099812 
18.810000 	 0.099922 	 0.099868 
18.820000 	 0.099956 	 0.099915 
18.830000 	 0.099981 	 0.099951 
18.840000 	 0.099995 	 0.099977 
18.850000 	 0.100000 	 0.099994 
18.860000 	 0.099995 	 0.100000 
18.870000 	 0.099979 	 0.099996 
18.880000 	 0.099954 	 0.099983 
18.890000 	 0.099918 	 0.099959 
18.900000 	 0.099873 	 0.099925 
18.910000 	 0.099817 	 0.099882 
18.920000 	 0.099752 	 0.099828 
18.930000 	 0.099677 	 0.099765 
18.940000 	 0.099591 	 0.099691 
18.950000 	 0.099496 	 0.099608 
18.960000 	 0.099391 	 0.099515 
18.970000 	 0.099276 	 0.099411 
18.980000 	 0.099150 	 0.099298 
18.990000 	 0.099015 	 0.099175 
19.000000 	 0.098870 	 0.099042 
19.010000 	 0.098716 	 0.098899 
19.020000 	 0.098551 	 0.098746 
19.030000 	 0.098376 	 0.098583 
19.040000 	 0.098192 	 0.098411 
19.050000 	 0.097998 	 0.098229 
19.060000 	 0.097794 	 0.098037 
19.070000 	 0.097580 	 0.097835 
19.080000 	 0.097357 	 0.097623 
19.090000 	 0.097123 	 0.097401 
19.100000 	 0.096880 	 0.097170 
19.110000 	 0.096628 	 0.096929 
19.120000 	 0.096365 	 0.096679 
19.130000 	 0.096093 	 0.096419 
19.140000 	 0.095812 	 0.096149 
19.150000 	 0.095521 	 0.095869 
19.160000 	 0.095220 	 0.095580 
19.170000 	 0.094910 	 0.095282 
19.180000 	 0.094590 	 0.094974 
19.190000 	 0.094261 	 0.094656 
19.200000 	 0.093922 	 0.094329 
19.210000 	 0.093574 	 0.093993 
19.220000 	 0.093217 	 0.093647 
19.230000 	 0.092850 	 0.093292 
19.240000 	 0.092474 	 0.092928 
19.250000 	 0.092089 	 0.092554 
19.260000 	 0.091694 	 0.092171 
19.270000 	 0.091291 	 0.091779 
19.280000 	 0.090878 	 0.091377 
19.290000 	 0.090456 	 0.090967 
19.300000 	 0.090025 	 0.090547 
19.310000 	 0.089586 	 0.090119 
19.320000 	 0.089137 	 0.089681 
19.330000 	 0.088679 	 0.089235 
19.340000 	 0.088212 	 0.088779 
19.350000 	 0.087737 	 0.088315 
19.360000 	 0.087253 	 0.087842 
19.370000 	 0.086760 	 0.087360 
19.380000 	 0.086258 	 0.086869 
19.390000 	 0.085748 	 0.086370 
19.400000 	 0.085229 	 0.085862 
19.410000 	 0.084702 	 0.085345 
19.420000 	 0.084166 	 0.084820 
19.430000 	 0.083622 	 0.084287 
19.440000 	 0.083069 	 0.083745 
19.450000 	 0.082508 	 0.083195 
19.460000 	 0.081939 	 0.082636 
19.470000 	 0.081362 	 0.082069 
19.480000 	 0.080777 	 0.081494 
19.490000 	 0.080183 	 0.080911 
19.500000 	 0.079581 	 0.080319 
19.510000 	 0.078972 	 0.079720 
19.520000 	 0.078355 	 0.079113 
19.530000 	 0.077729 	 0.078498 
19.540000 	 0.077096 	 0.077875 
19.550000 	 0.076456 	 0.077244 
19.560000 	 0.075807 	 0.076605 
19.570000 	 0.075151 	 0.075959 
19.580000 	 0.074488 	 0.075305 
19.590000 	 0.073817 	 0.074644 
19.600000 	 0.073139 	 0.073975 
19.610000 	 0.072453 	 0.073299 
19.620000 	 0.071760 	 0.072616 
19.630000 	 0.071060 	 0.071925 
19.640000 	 0.070353 	 0.071227 
19.650000 	 0.069639 	 0.070522 
19.660000 	 0.068918 	 0.069810 
19.670000 	 0.068190 	 0.069091 
19.680000 	 0.067455 	 0.068365 
19.690000 	 0.066713 	 0.067632 
19.700000 	 0.065965 	 0.066893 
19.710000 	 0.065210 	 0.066147 
19.720000 	 0.064449 	 0.065394 
19.730000 	 0.063681 	 0.064635 
19.740000 	 0.062907 	 0.063869 
19.750000 	 0.062126 	 0.063097 
19.760000 	 0.061340 	 0.062318 
19.770000 	 0.060547 	 0.061533 
19.780000 	 0.059748 	 0.060742 
19.790000 	 0.058943 	 0.059946 
19.800000 	 0.058132 	 0.059143 
19.810000 	 0.057316 	 0.058334 
19.820000 	 0.056493 	 0.057519 
19.830000 	 0.055665 	 0.056699 
19.840000 	 0.054832 	 0.055873 
19.850000 	 0.053993 	 0.055041 
19.860000 	 0.053148 	 0.054204 
19.870000 	 0.052299 	 0.053361 
19.880000 	 0.051444 	 0.052513 
19.890000 	 0.050584 	 0.051660 
19.900000 	 0.049719 	 0.050802 
19.910000 	 0.048848 	 0.049938 
19.920000 	 0.047973 	 0.049070 
19.930000 	 0.047094 	 0.048196 
19.940000 	 0.046209 	 0.047318 
19.950000 	 0.045320 	 0.046435 
19.960000 	 0.044426 	 0.045548 
19.970000 	 0.043528 	 0.044656 
19.980000 	 0.042626 	 0.043759 
19.990000 	 0.041719 	 0.042859 
20.000000 	 0.040808 	 0.041953 
20.010000 	 0.039893 	 0.041044 
20.020000 	 0.038974 	 0.040130 
20.030000 	 0.038051 	 0.039213 
20.040000 	 0.037125 	 0.038292 
20.050000 	 0.036194 	 0.037366 
20.060000 	 0.035260 	 0.036437 
20.070000 	 0.034323 	 0.035505 
20.080000 	 0.033382 	 0.034569 
20.090000 	 0.032438 	 0.033629 
20.100000 	 0.031490 	 0.032686 
20.110000 	 0.030539 	 0.031740 
20.120000 	 0.029586 	 0.030790 
20.130000 	 0.028629 	 0.029838 
20.140000 	 0.027669 	 0.028882 
20.150000 	 0.026707 	 0.027924 
20.160000 	 0.025742 	 0.026963 
20.170000 	 0.024775 	 0.025999 
20.180000 	 0.023804 	 0.025032 
20.190000 	 0.022832 	 0.024063 
20.200000 	 0.021857 	 0.023092 
20.210000 	 0.020880 	 0.022118 
20.220000 	 0.019901 	 0.021142 
20.230000 	 0.018920 	 0.020164 
20.240000 	 0.017938 	 0.019184 
20.250000 	 0.016953 	 0.018202 
20.260000 	 0.015967 	 0.017219 
20.270000 	 0.014979 	 0.016233 
20.280000 	 0.013989 	 0.015246 
20.290000 	 0.012998 	 0.014257 
20.300000 	 0.012006 	 0.013267 
20.310000 	 0.011013 	 0.012276 
20.320000 	 0.010018 	 0.011283 
20.330000 	 0.009023 	 0.010290 
20.340000 	 0.008027 	 0.009295 
20.350000 	 0.007029 	 0.008299 
20.360000 	 0.006032 	 0.007303 
20.370000 	 0.005033 	 0.006305 
20.380000 	 0.004034 	 0.005308 
20.390000 	 0.003035 	 0.004309 
20.400000 	 0.002035 	 0.003310 
20.410000 	 0.001035 	 0.002311 
20.420000 	 0.000035 	 0.001312 
20.430000 	 -0.000965 	 0.000312 
20.440000 	 -0.001965 	 -0.000687 
20.450000 	 -0.002964 	 -0.001687 
20.460000 	 -0.003964 	 -0.002686 
20.470000 	 -0.004963 	 -0.003685 
20.480000 	 -0.005961 	 -0.004684 
20.490000 	 -0.006959 	 -0.005682 
20.500000 	 -0.007956 	 -0.006680 
20.510000 	 -0.008953 	 -0.007677 
20.520000 	 -0.009948 	 -0.008673 
20.530000 	 -0.010943 	 -0.009669 
20.540000 	 -0.011936 	 -0.010663 
20.550000 	 -0.012928 	 -0.011656 
20.560000 	 -0.013919 	 -0.012648 
20.570000 	 -0.014909 	 -0.013639 
20.580000 	 -0.015897 	 -0.014629 
20.590000 	 -0.016884 	 -0.015617 
20.600000 	 -0.017868 	 -0.016604 
20.610000 	 -0.018851 	 -0.017588 
20.620000 	 -0.019832 	 -0.018571 
20.630000 	 -0.020812 	 -0.019553 
20.640000 	 -0.021789 	 -0.020532 
20.650000 	 -0.022763 	 -0.021509 
20.660000 	 -0.023736 	 -0.022484 
20.670000 	 -0.024706 	 -0.023457 
20.680000 	 -0.025674 	 -0.024428 
20.690000 	 -0.026639 	 -0.025396 
20.700000 	 -0.027602 	 -0.026361 
20.710000 	 -0.028561 	 -0.027324 
20.720000 	 -0.029518 	 -0.028284 
20.730000 	 -0.030472 	 -0.029241 
20.740000 	 -0.031423 	 -0.030196 
20.750000 	 -0.032371 	 -0.031147 
20.760000 	 -0.033315 	 -0.032095 
20.770000 	 -0.034257 	 -0.033040 
20.780000 	 -0.035194 	 -0.033982 
20.790000 	 -0.036129 	 -0.034921 
20.800000 	 -0.037059 	 -0.035855 
20.810000 	 -0.037986 	 -0.036787 
20.820000 	 -0.038909 	 -0.037714 
20.830000 	 -0.039829 	 -0.038638 
20.840000 	 -0.040744 	 -0.039558 
20.850000 	 -0.041655 	 -0.040474 
20.860000 	 -0.042562 	 -0.041386 
20.870000 	 -0.043465 	 -0.042294 
20.880000 	 -0.044363 	 -0.043197 
20.890000 	 -0.045257 	 -0.044097 
20.900000 	 -0.046147 	 -0.044991 
20.910000 	 -0.047032 	 -0.045882 
20.920000 	 -0.047912 	 -0.046768 
20.930000 	 -0.048787 	 -0.047649 
20.940000 	 -0.049657 	 -0.048525 
20.950000 	 -0.050523 	 -0.049397 
20.960000 	 -0.051383 	 -0.050263 
20.970000 	 -0.052239 	 -0.051125 
20.980000 	 -0.053089 	 -0.051981 
20.990000 	 -0.053934 	 -0.052832 
21.000000 	 -0.054773 	 -0.053678 
21.010000 	 -0.055607 	 -0.054519 
21.020000 	 -0.056435 	 -0.055354 
21.030000 	 -0.057258 	 -0.056183 
21.040000 	 -0.058075 	 -0.057007 
21.050000 	 -0.058886 	 -0.057826 
21.060000 	 -0.059691 	 -0.058638 
21.070000 	 -0.060491 	 -0.059445 
21.080000 	 -0.061284 	 -0.060246 
21.090000 	 -0.062071 	 -0.061040 
21.100000 	 -0.062852 	 -0.061829 
21.110000 	 -0.063627 	 -0.062611 
21.120000 	 -0.064395 	 -0.063387 
21.130000 	 -0.065157 	 -0.064157 
21.140000 	 -0.065912 	 -0.064921 
21.150000 	 -0.066661 	 -0.065677 
21.160000 	 -0.067403 	 -0.066428 
21.170000 	 -0.068138 	 -0.067171 
21.180000 	 -0.068867 	 -0.067908 
21.190000 	 -0.069588 	 -0.068639 
21.200000 	 -0.070303 	 -0.069362 
21.210000 	 -0.071011 	 -0.070078 
21.220000 	 -0.071711 	 -0.070788 
21.230000 	 -0.072404 	 -0.071490 
21.240000 	 -0.073091 	 -0.072185 
21.250000 	 -0.073769 	 -0.072873 
21.260000 	 -0.074441 	 -0.073554 
21.270000 	 -0.075105 	 -0.074227 
21.280000 	 -0.075761 	 -0.074893 
21.290000 	 -0.076410 	 -0.075552 
21.300000 	 -0.077051 	 -0.076203 
21.310000 	 -0.077685 	 -0.076846 
21.320000 	 -0.078311 	 -0.077482 
21.330000 	 -0.078929 	 -0.078110 
21.340000 	 -0.079539 	 -0.078730 
21.350000 	 -0.080141 	 -0.079342 
21.360000 	 -0.080735 	 -0.079946 
21.370000 	 -0.081321 	 -0.080542 
21.380000 	 -0.081899 	 -0.081131 
21.390000 	 -0.082469 	 -0.081711 
21.400000 	 -0.083030 	 -0.082283 
21.410000 	 -0.083583 	 -0.082847 
21.420000 	 -0.084128 	 -0.083402 
21.430000 	 -0.084664 	 -0.083949 
21.440000 	 -0.085192 	 -0.084488 
21.450000 	 -0.085712 	 -0.085018 
21.460000 	 -0.086223 	 -0.085540 
21.470000 	 -0.086725 	 -0.086054 
21.480000 	 -0.087218 	 -0.086558 
21.490000 	 -0.087703 	 -0.087054 
21.500000 	 -0.088179 	 -0.087542 
21.510000 	 -0.088646 	 -0.088020 
21.520000 	 -0.089105 	 -0.088490 
21.530000 	 -0.089554 	 -0.088951 
21.540000 	 -0.089995 	 -0.089403 
21.550000 	 -0.090426 	 -0.089847 
21.560000 	 -0.090849 	 -0.090281 
21.570000 	 -0.091262 	 -0.090706 
21.580000 	 -0.091666 	 -0.091122 
21.590000 	 -0.092061 	 -0.091529 
21.600000 	 -0.092447 	 -0.091927 
21.610000 	 -0.092824 	 -0.092316 
21.620000 	 -0.093191 	 -0.092695 
21.630000 	 -0.093549 	 -0.093066 
21.640000 	 -0.093898 	 -0.093427 
21.650000 	 -0.094237 	 -0.093778 
21.660000 	 -0.094567 	 -0.094120 
21.670000 	 -0.094887 	 -0.094453 
21.680000 	 -0.095198 	 -0.094777 
21.690000 	 -0.095500 	 -0.095091 
21.700000 	 -0.095791 	 -0.095395 
21.710000 	 -0.096074 	 -0.095690 
21.720000 	 -0.096346 	 -0.095976 
21.730000 	 -0.096609 	 -0.096251 
21.740000 	 -0.096863 	 -0.096518 
21.750000 	 -0.097106 	 -0.096774 
21.760000 	 -0.097340 	 -0.097021 
21.770000 	 -0.097565 	 -0.097258 
21.780000 	 -0.097779 	 -0.097486 
21.790000 	 -0.097984 	 -0.097704 
21.800000 	 -0.098179 	 -0.097912 
21.810000 	 -0.098364 	 -0.098110 
21.820000 	 -0.098539 	 -0.098298 
21.830000 	 -0.098704 	 -0.098477 
21.840000 	 -0.098860 	 -0.098646 
21.850000 	 -0.099006 	 -0.098805 
21.860000 	 -0.099141 	 -0.098954 
21.870000 	 -0.099267 	 -0.099093 
21.880000 	 -0.099383 	 -0.099222 
21.890000 	 -0.099489 	 -0.099342 
21.900000 	 -0.099585 	 -0.099451 
21.910000 	 -0.099671 	 -0.099551 
21.920000 	 -0.099747 	 -0.099640 
21.930000 	 -0.099813 	 -0.099720 
21.940000 	 -0.099869 	 -0.099790 
21.950000 	 -0.099915 	 -0.099850 
21.960000 	 -0.099951 	 -0.099899 
21.970000 	 -0.099978 	 -0.099939 
21.980000 	 -0.099994 	 -0.099969 
21.990000 	 -0.100000 	 -0.099989 
22.000000 	 -0.099996 	 -0.099999 
22.010000 	 -0.099982 	 -0.099999 
22.020000 	 -0.099958 	 -0.099989 
22.030000 	 -0.099925 	 -0.099969 
22.040000 	 -0.099881 	 -0.099939 
22.050000 	 -0.099827 	 -0.099898 
22.060000 	 -0.099763 	 -0.099848 
22.070000 	 -0.099689 	 -0.099789 
22.080000 	 -0.099606 	 -0.099719 
22.090000 	 -0.099512 	 -0.099639 
22.100000 	 -0.099408 	 -0.099549 
22.110000 	 -0.099295 	 -0.099449 
22.120000 	 -0.099171 	 -0.099339 
22.130000 	 -0.099038 	 -0.099220 
22.140000 	 -0.098894 	 -0.099090 
22.150000 	 -0.098741 	 -0.098951 
22.160000 	 -0.098578 	 -0.098802 
22.170000 	 -0.098405 	 -0.098642 
22.180000 	 -0.098222 	 -0.098473 
22.190000 	 -0.098029 	 -0.098295 
22.200000 	 -0.097827 	 -0.098106 
22.210000 	 -0.097615 	 -0.097908 
22.220000 	 -0.097393 	 -0.097699 
22.230000 	 -0.097161 	 -0.097481 
22.240000 	 -0.096920 	 -0.097254 
22.250000 	 -0.096668 	 -0.097016 
22.260000 	 -0.096408 	 -0.096769 
22.270000 	 -0.096137 	 -0.096512 
22.280000 	 -0.095857 	 -0.096246 
22.290000 	 -0.095568 	 -0.095970 
22.300000 	 -0.095268 	 -0.095684 
22.310000 	 -0.094960 	 -0.095389 
22.320000 	 -0.094641 	 -0.095085 
22.330000 	 -0.094314 	 -0.094770 
22.340000 	 -0.093977 	 -0.094447 
22.350000 	 -0.093630 	 -0.094114 
22.360000 	 -0.093274 	 -0.093771 
22.370000 	 -0.092909 	 -0.093419 
22.380000 	 -0.092535 	 -0.093058 
22.390000 	 -0.092151 	 -0.092688 
22.400000 	 -0.091758 	 -0.092308 
22.410000 	 -0.091356 	 -0.091919 
22.420000 	 -0.090944 	 -0.091521 
22.430000 	 -0.090524 	 -0.091114 
22.440000 	 -0.090095 	 -0.090698 
22.450000 	 -0.089656 	 -0.090272 
22.460000 	 -0.089209 	 -0.089838 
22.470000 	 -0.088752 	 -0.089394 
22.480000 	 -0.088287 	 -0.088942 
22.490000 	 -0.087813 	 -0.088481 
22.500000 	 -0.087330 	 -0.088011 
22.510000 	 -0.086839 	 -0.087532 
22.520000 	 -0.086339 	 -0.087045 
22.530000 	 -0.085830 	 -0.086548 
22.540000 	 -0.085312 	 -0.086044 
22.550000 	 -0.084786 	 -0.085530 
22.560000 	 -0.084252 	 -0.085008 
22.570000 	 -0.083709 	 -0.084478 
22.580000 	 -0.083158 	 -0.083939 
22.590000 	 -0.082598 	 -0.083391 
22.600000 	 -0.082031 	 -0.082836 
22.610000 	 -0.081455 	 -0.082272 
22.620000 	 -0.080870 	 -0.081699 
22.630000 	 -0.080278 	 -0.081119 
22.640000 	 -0.079678 	 -0.080531 
22.650000 	 -0.079070 	 -0.079934 
22.660000 	 -0.078453 	 -0.079330 
22.670000 	 -0.077829 	 -0.078717 
22.680000 	 -0.077198 	 -0.078097 
22.690000 	 -0.076558 	 -0.077469 
22.700000 	 -0.075911 	 -0.076833 
22.710000 	 -0.075256 	 -0.076190 
22.720000 	 -0.074594 	 -0.075539 
22.730000 	 -0.073924 	 -0.074880 
22.740000 	 -0.073247 	 -0.074214 
22.750000 	 -0.072563 	 -0.073541 
22.760000 	 -0.071871 	 -0.072860 
22.770000 	 -0.071172 	 -0.072172 
22.780000 	 -0.070466 	 -0.071476 
22.790000 	 -0.069753 	 -0.070774 
22.800000 	 -0.069033 	 -0.070064 
22.810000 	 -0.068306 	 -0.069348 
22.820000 	 -0.067572 	 -0.068624 
22.830000 	 -0.066832 	 -0.067894 
22.840000 	 -0.066085 	 -0.067157 
22.850000 	 -0.065331 	 -0.066413 
22.860000 	 -0.064570 	 -0.065662 
22.870000 	 -0.063804 	 -0.064905 
22.880000 	 -0.063030 	 -0.064142 
22.890000 	 -0.062251 	 -0.063372 
22.900000 	 -0.061465 	 -0.062596 
22.910000 	 -0.060673 	 -0.061813 
22.920000 	 -0.059875 	 -0.061025 
22.930000 	 -0.059072 	 -0.060230 
22.940000 	 -0.058262 	 -0.059429 
22.950000 	 -0.057446 	 -0.058622 
22.960000 	 -0.056625 	 -0.057810 
22.970000 	 -0.055798 	 -0.056991 
22.980000 	 -0.054965 	 -0.056167 
22.990000 	 -0.054127 	 -0.055337 
23.000000 	 -0.053283 	 -0.054502 
23.010000 	 -0.052434 	 -0.053661 
23.020000 	 -0.051580 	 -0.052815 
23.030000 	 -0.050721 	 -0.051964 
23.040000 	 -0.049857 	 -0.051108 
23.050000 	 -0.048987 	 -0.050246 
23.060000 	 -0.048113 	 -0.049379 
23.070000 	 -0.047234 	 -0.048508 
23.080000 	 -0.046350 	 -0.047631 
23.090000 	 -0.045462 	 -0.046750 
23.100000 	 -0.044569 	 -0.045864 
23.110000 	 -0.043672 	 -0.044974 
23.120000 	 -0.042770 	 -0.044079 
23.130000 	 -0.041864 	 -0.043179 
23.140000 	 -0.040954 	 -0.042276 
23.150000 	 -0.040039 	 -0.041368 
23.160000 	 -0.039121 	 -0.040456 
23.170000 	 -0.038199 	 -0.039540 
23.180000 	 -0.037273 	 -0.038620 
23.190000 	 -0.036343 	 -0.037696 
23.200000 	 -0.035409 	 -0.036768 
23.210000 	 -0.034472 	 -0.035837 
23.220000 	 -0.033532 	 -0.034902 
23.230000 	 -0.032588 	 -0.033964 
23.240000 	 -0.031641 	 -0.033022 
23.250000 	 -0.030691 	 -0.032077 
23.260000 	 -0.029738 	 -0.031128 
23.270000 	 -0.028782 	 -0.030177 
23.280000 	 -0.027822 	 -0.029222 
23.290000 	 -0.026861 	 -0.028265 
23.300000 	 -0.025896 	 -0.027305 
23.310000 	 -0.024929 	 -0.026342 
23.320000 	 -0.023959 	 -0.025376 
23.330000 	 -0.022987 	 -0.024408 
23.340000 	 -0.022013 	 -0.023438 
23.350000 	 -0.021036 	 -0.022465 
23.360000 	 -0.020058 	 -0.021490 
23.370000 	 -0.019077 	 -0.020513 
23.380000 	 -0.018094 	 -0.019533 
23.390000 	 -0.017110 	 -0.018552 
23.400000 	 -0.016124 	 -0.017569 
23.410000 	 -0.015136 	 -0.016584 
23.420000 	 -0.014147 	 -0.015597 
23.430000 	 -0.013156 	 -0.014609 
23.440000 	 -0.012164 	 -0.013620 
23.450000 	 -0.011171 	 -0.012629 
23.460000 	 -0.010177 	 -0.011637 
23.470000 	 -0.009182 	 -0.010643 
23.480000 	 -0.008185 	 -0.009649 
23.490000 	 -0.007188 	 -0.008653 
23.500000 	 -0.006191 	 -0.007657 
23.510000 	 -0.005192 	 -0.006660 
23.520000 	 -0.004193 	 -0.005663 
23.530000 	 -0.003194 	 -0.004664 
23.540000 	 -0.002194 	 -0.003666 
23.550000 	 -0.001194 	 -0.002667 
23.560000 	 -0.000194 	 -0.001667 
23.570000 	 0.000806 	 -0.000668 
23.580000 	 0.001805 	 0.000332 
23.590000 	 0.002805 	 0.001331 
23.600000 	 0.003805 	 0.002331 
23.610000 	 0.004804 	 0.003330 
23.620000 	 0.005802 	 0.004329 
23.630000 	 0.006800 	 0.005327 
23.640000 	 0.007798 	 0.006325 
23.650000 	 0.008794 	 0.007322 
23.660000 	 0.009790 	 0.008319 
23.670000 	 0.010784 	 0.009315 
23.680000 	 0.011778 	 0.010309 
23.690000 	 0.012771 	 0.011303 
23.700000 	 0.013762 	 0.012296 
23.710000 	 0.014751 	 0.013287 
23.720000 	 0.015740 	 0.014277 
23.730000 	 0.016727 	 0.015266 
23.740000 	 0.017712 	 0.016253 
23.750000 	 0.018695 	 0.017238 
23.760000 	 0.019676 	 0.018222 
23.770000 	 0.020656 	 0.019204 
23.780000 	 0.021633 	 0.020184 
23.790000 	 0.022608 	 0.021162 
23.800000 	 0.023581 	 0.022138 
23.810000 	 0.024552 	 0.023111 
23.820000 	 0.025520 	 0.024083 
23.830000 	 0.026486 	 0.025052 
23.840000 	 0.027449 	 0.026018 
23.850000 	 0.028409 	 0.026982 
23.860000 	 0.029366 	 0.027943 
23.870000 	 0.030321 	 0.028901 
23.880000 	 0.031272 	 0.029857 
23.890000 	 0.032220 	 0.030809 
23.900000 	 0.033165 	 0.031758 
23.910000 	 0.034107 	 0.032705 
23.920000 	 0.035045 	 0.033648 
23.930000 	 0.035980 	 0.034587 
23.940000 	 0.036911 	 0.035523 
23.950000 	 0.037839 	 0.036456 
23.960000 	 0.038763 	 0.037385 
23.970000 	 0.039682 	 0.038310 
23.980000 	 0.040598 	 0.039231 
23.990000 	 0.041510 	 0.040149 
24.000000 	 0.042418 	 0.041062 
24.010000 	 0.043321 	 0.041971 
24.020000 	 0.044220 	 0.042876 
24.030000 	 0.045115 	 0.043777 
24.040000 	 0.046005 	 0.044674 
24.050000 	 0.046891 	 0.045566 
24.060000 	 0.047772 	 0.046453 
24.070000 	 0.048648 	 0.047336 
24.080000 	 0.049519 	 0.048214 
24.090000 	 0.050385 	 0.049087 
24.100000 	 0.051247 	 0.049955 
24.110000 	 0.052103 	 0.050819 
24.120000 	 0.052954 	 0.051677 
24.130000 	 0.053799 	 0.052530 
24.140000 	 0.054640 	 0.053378 
24.150000 	 0.055474 	 0.054220 
24.160000 	 0.056304 	 0.055057 
24.170000 	 0.057127 	 0.055889 
24.180000 	 0.057945 	 0.056715 
24.190000 	 0.058757 	 0.057535 
24.200000 	 0.059563 	 0.058350 
24.210000 	 0.060364 	 0.059159 
24.220000 	 0.061158 	 0.059961 
24.230000 	 0.061946 	 0.060758 
24.240000 	 0.062728 	 0.061549 
24.250000 	 0.063504 	 0.062334 
24.260000 	 0.064273 	 0.063112 
24.270000 	 0.065036 	 0.063884 
24.280000 	 0.065792 	 0.064650 
24.290000 	 0.066542 	 0.065409 
24.300000 	 0.067285 	 0.066162 
24.310000 	 0.068021 	 0.066908 
24.320000 	 0.068751 	 0.067647 
24.330000 	 0.069474 	 0.068380 
24.340000 	 0.070190 	 0.069105 
24.350000 	 0.070898 	 0.069824 
24.360000 	 0.071600 	 0.070536 
24.370000 	 0.072294 	 0.071241 
24.380000 	 0.072982 	 0.071939 
24.390000 	 0.073662 	 0.072629 
24.400000 	 0.074334 	 0.073313 
24.410000 	 0.075000 	 0.073989 
24.420000 	 0.075657 	 0.074657 
24.430000 	 0.076307 	 0.075318 
24.440000 	 0.076950 	 0.075972 
24.450000 	 0.077585 	 0.076618 
24.460000 	 0.078212 	 0.077256 
24.470000 	 0.078831 	 0.077887 
24.480000 	 0.079442 	 0.078510 
24.490000 	 0.080046 	 0.079125 
24.500000 	 0.080641 	 0.079732 
24.510000 	 0.081228 	 0.080331 
24.520000 	 0.081807 	 0.080922 
24.530000 	 0.082378 	 0.081505 
24.540000 	 0.082941 	 0.082080 
24.550000 	 0.083496 	 0.082647 
24.560000 	 0.084042 	 0.083205 
24.570000 	 0.084580 	 0.083756 
24.580000 	 0.085109 	 0.084297 
24.590000 	 0.085630 	 0.084831 
24.600000 	 0.086142 	 0.085356 
24.610000 	 0.086645 	 0.085872 
24.620000 	 0.087140 	 0.086380 
24.630000 	 0.087627 	 0.086879 
24.640000 	 0.088104 	 0.087369 
24.650000 	 0.088573 	 0.087851 
24.660000 	 0.089032 	 0.088324 
24.670000 	 0.089483 	 0.088788 
24.680000 	 0.089925 	 0.089244 
24.690000 	 0.090358 	 0.089690 
24.700000 	 0.090782 	 0.090127 
24.710000 	 0.091197 	 0.090556 
24.720000 	 0.091602 	 0.090975 
24.730000 	 0.091999 	 0.091385 
24.740000 	 0.092386 	 0.091787 
24.750000 	 0.092764 	 0.092179 
24.760000 	 0.093133 	 0.092561 
24.770000 	 0.093493 	 0.092935 
24.780000 	 0.093843 	 0.093299 
24.790000 	 0.094184 	 0.093654 
24.800000 	 0.094515 	 0.094000 
24.810000 	 0.094837 	 0.094336 
24.820000 	 0.095149 	 0.094663 
24.830000 	 0.095452 	 0.094980 
24.840000 	 0.095746 	 0.095288 
24.850000 	 0.096029 	 0.095586 
24.860000 	 0.096304 	 0.095875 
24.870000 	 0.096568 	 0.096154 
24.880000 	 0.096823 	 0.096424 
24.890000 	 0.097068 	 0.096684 
24.900000 	 0.097304 	 0.096934 
24.910000 	 0.097530 	 0.097175 
24.920000 	 0.097746 	 0.097406 
24.930000 	 0.097952 	 0.097627 
24.940000 	 0.098148 	 0.097839 
24.950000 	 0.098335 	 0.098040 
24.960000 	 0.098512 	 0.098232 
24.970000 	 0.098679 	 0.098414 
24.980000 	 0.098836 	 0.098587 
24.990000 	 0.098983 	 0.098749 
25.000000 	 0.099120 	 0.098902 
25.010000 	 0.099248 	 0.099045 
25.020000 	 0.099365 	 0.099177 
25.030000 	 0.099473 	 0.099300 
25.040000 	 0.099570 	 0.099413 
25.050000 	 0.099658 	 0.099516 
25.060000 	 0.099736 	 0.099610 
25.070000 	 0.099803 	 0.099693 
25.080000 	 0.099861 	 0.099766 
25.090000 	 0.099909 	 0.099829 
25.100000 	 0.099946 	 0.099883 
25.110000 	 0.099974 	 0.099926 
25.120000 	 0.099992 	 0.099960 
25.130000 	 0.100000 	 0.099983 
25.140000 	 0.099997 	 0.099996 
