#t		x		y		z
0.000000	1.000000	2.000000	3.000000
0.010000	1.095204	2.001276	2.941756
0.020000	1.181590	2.005012	2.886864
0.030000	1.260224	2.011068	2.835104
0.040000	1.332058	2.019312	2.786288
0.050000	1.397941	2.029617	2.740248
0.060000	1.458630	2.041861	2.696842
0.070000	1.514799	2.055932	2.655944
0.080000	1.567045	2.071724	2.617444
0.090000	1.615901	2.089137	2.581247
0.100000	1.661840	2.108081	2.547268
0.110000	1.705281	2.128469	2.515436
0.120000	1.746594	2.150224	2.485685
0.130000	1.786109	2.173271	2.457960
0.140000	1.824117	2.197544	2.432213
0.150000	1.860875	2.222979	2.408401
0.160000	1.896609	2.249518	2.386487
0.170000	1.931519	2.277107	2.366441
0.180000	1.965781	2.305695	2.348234
0.190000	1.999550	2.335234	2.331844
0.200000	2.032960	2.365678	2.317251
0.210000	2.066130	2.396985	2.304439
0.220000	2.099163	2.429113	2.293393
0.230000	2.132148	2.462022	2.284103
0.240000	2.165162	2.495673	2.276560
0.250000	2.198271	2.530030	2.270756
0.260000	2.231531	2.565053	2.266685
0.270000	2.264989	2.600706	2.264344
0.280000	2.298686	2.636951	2.263731
0.290000	2.332652	2.673750	2.264842
0.300000	2.366913	2.711066	2.267677
0.310000	2.401488	2.748859	2.272236
0.320000	2.436391	2.787089	2.278518
0.330000	2.471630	2.825715	2.286524
0.340000	2.507208	2.864695	2.296253
0.350000	2.543126	2.903984	2.307705
0.360000	2.579377	2.943537	2.320879
0.370000	2.615954	2.983306	2.335774
0.380000	2.652843	3.023244	2.352387
0.390000	2.690028	3.063298	2.370716
0.400000	2.727490	3.103417	2.390755
0.410000	2.765205	3.143545	2.412498
0.420000	2.803149	3.183626	2.435936
0.430000	2.841291	3.223602	2.461061
0.440000	2.879600	3.263411	2.487859
0.450000	2.918041	3.302992	2.516316
0.460000	2.956577	3.342279	2.546414
0.470000	2.995168	3.381208	2.578134
0.480000	3.033771	3.419710	2.611451
0.490000	3.072340	3.457717	2.646339
0.500000	3.110830	3.495157	2.682768
0.510000	3.149189	3.531960	2.720703
0.520000	3.187366	3.568053	2.760107
0.530000	3.225308	3.603362	2.800936
0.540000	3.262958	3.637814	2.843146
0.550000	3.300260	3.671335	2.886685
0.560000	3.337154	3.703852	2.931498
0.570000	3.373579	3.735292	2.977524
0.580000	3.409476	3.765582	3.024700
0.590000	3.444780	3.794652	3.072956
0.600000	3.479429	3.822431	3.122218
0.610000	3.513359	3.848853	3.172408
0.620000	3.546506	3.873852	3.223443
0.630000	3.578807	3.897367	3.275234
0.640000	3.610197	3.919338	3.327691
0.650000	3.640614	3.939710	3.380717
0.660000	3.669996	3.958431	3.434211
0.670000	3.698282	3.975456	3.488072
0.680000	3.725411	3.990740	3.542192
0.690000	3.751328	4.004248	3.596461
0.700000	3.775977	4.015948	3.650768
0.710000	3.799305	4.025815	3.704998
0.720000	3.821263	4.033829	3.759035
0.730000	3.841804	4.039976	3.812763
0.740000	3.860884	4.044250	3.866065
0.750000	3.878464	4.046652	3.918822
0.760000	3.894510	4.047187	3.970918
0.770000	3.908990	4.045869	4.022237
0.780000	3.921878	4.042718	4.072666
0.790000	3.933152	4.037762	4.122093
0.800000	3.942795	4.031034	4.170408
0.810000	3.950797	4.022574	4.217507
0.820000	3.957150	4.012428	4.263289
0.830000	3.961853	4.000649	4.307656
0.839999	3.964911	3.987295	4.350517
0.849999	3.966334	3.972428	4.391786
0.859999	3.966136	3.956118	4.431382
0.869999	3.964338	3.938435	4.469232
0.879999	3.960965	3.919458	4.505268
0.889999	3.956047	3.899266	4.539429
0.899999	3.949621	3.877942	4.571662
0.909999	3.941725	3.855571	4.601921
0.919999	3.932405	3.832242	4.630167
0.929999	3.921710	3.808043	4.656368
0.939999	3.909690	3.783064	4.680501
0.949999	3.896404	3.757395	4.702549
0.959999	3.881909	3.731126	4.722503
0.969999	3.866268	3.704346	4.740360
0.979999	3.849546	3.677145	4.756126
0.989999	3.831810	3.649608	4.769812
0.999999	3.813129	3.621822	4.781435
1.009999	3.793572	3.593868	4.791020
1.019999	3.773212	3.565826	4.798596
1.029999	3.752119	3.537775	4.804200
1.039999	3.730367	3.509788	4.807870
1.049999	3.708028	3.481937	4.809652
1.059999	3.685173	3.454288	4.809595
1.069999	3.661874	3.426905	4.807751
1.079999	3.638202	3.399849	4.804178
1.089999	3.614227	3.373175	4.798935
1.099999	3.590014	3.346936	4.792085
1.109999	3.565633	3.321180	4.783690
1.119999	3.541145	3.295952	4.773819
1.129999	3.516614	3.271293	4.762538
1.139999	3.492100	3.247239	4.749918
1.149999	3.467661	3.223825	4.736026
1.159999	3.443351	3.201080	4.720935
1.169999	3.419224	3.179030	4.704715
1.179999	3.395329	3.157699	4.687437
1.189999	3.371713	3.137107	4.669171
1.199999	3.348422	3.117271	4.649986
1.209999	3.325496	3.098206	4.629953
1.219999	3.302976	3.079923	4.609139
1.229999	3.280897	3.062430	4.587613
1.239999	3.259293	3.045736	4.565439
1.249999	3.238195	3.029844	4.542683
1.259999	3.217632	3.014757	4.519408
1.269999	3.197629	3.000476	4.495676
1.279999	3.178209	2.987000	4.471546
1.289999	3.159394	2.974326	4.447078
1.299999	3.141201	2.962450	4.422328
1.309999	3.123648	2.951366	4.397352
1.319999	3.106749	2.941069	4.372201
1.329999	3.090516	2.931551	4.346928
1.339999	3.074959	2.922802	4.321581
1.349999	3.060087	2.914814	4.296208
1.359999	3.045907	2.907575	4.270856
1.369999	3.032422	2.901076	4.245567
1.379999	3.019638	2.895305	4.220385
1.389999	3.007556	2.890249	4.195349
1.399999	2.996177	2.885896	4.170497
1.409999	2.985500	2.882234	4.145867
1.419999	2.975523	2.879247	4.121494
1.429999	2.966243	2.876924	4.097410
1.439999	2.957657	2.875250	4.073648
1.449999	2.949760	2.874211	4.050239
1.459999	2.942545	2.873793	4.027210
1.469999	2.936007	2.873980	4.004589
1.479999	2.930137	2.874759	3.982401
1.489999	2.924928	2.876114	3.960670
1.499999	2.920372	2.878031	3.939421
1.509999	2.916457	2.880494	3.918674
1.519999	2.913176	2.883489	3.898448
1.529999	2.910516	2.886999	3.878765
1.539999	2.908468	2.891011	3.859640
1.549999	2.907021	2.895508	3.841091
1.559999	2.906162	2.900475	3.823133
1.569999	2.905879	2.905897	3.805780
1.579999	2.906161	2.911757	3.789046
1.589999	2.906995	2.918041	3.772942
1.599999	2.908366	2.924732	3.757480
1.609999	2.910263	2.931815	3.742670
1.619999	2.912672	2.939274	3.728521
1.629999	2.915579	2.947092	3.715041
1.639999	2.918970	2.955255	3.702237
1.649999	2.922831	2.963744	3.690116
1.659999	2.927148	2.972546	3.678683
1.669999	2.931906	2.981642	3.667943
1.679999	2.937090	2.991017	3.657898
1.689999	2.942686	3.000654	3.648553
1.699999	2.948678	3.010536	3.639909
1.709999	2.955052	3.020647	3.631967
1.719999	2.961792	3.030969	3.624727
1.729999	2.968883	3.041487	3.618190
1.739999	2.976308	3.052182	3.612353
1.749999	2.984052	3.063039	3.607215
1.759999	2.992100	3.074039	3.602773
1.769999	3.000435	3.085165	3.599022
1.779999	3.009041	3.096400	3.595960
1.789999	3.017901	3.107728	3.593580
1.799999	3.027000	3.119129	3.591877
1.809999	3.036321	3.130587	3.590843
1.819999	3.045848	3.142085	3.590472
1.829999	3.055563	3.153604	3.590755
1.839999	3.065450	3.165128	3.591682
1.849999	3.075493	3.176638	3.593246
1.859999	3.085674	3.188118	3.595433
1.869999	3.095976	3.199551	3.598235
1.879999	3.106383	3.210918	3.601638
1.889999	3.116878	3.222204	3.605630
1.899999	3.127443	3.233390	3.610198
1.909999	3.138061	3.244461	3.615326
1.919999	3.148717	3.255399	3.621001
1.929999	3.159392	3.266189	3.627208
1.939999	3.170070	3.276814	3.633928
1.949998	3.180735	3.287258	3.641147
1.959998	3.191370	3.297507	3.648846
1.969998	3.201957	3.307544	3.657007
1.979998	3.212481	3.317355	3.665612
1.989998	3.222926	3.326926	3.674640
1.999998	3.233276	3.336242	3.684073
2.009999	3.243514	3.345292	3.693889
2.019999	3.253626	3.354060	3.704068
2.029999	3.263596	3.362536	3.714589
2.039999	3.273409	3.370707	3.725429
2.049999	3.283051	3.378562	3.736566
2.059999	3.292507	3.386091	3.747977
2.069999	3.301763	3.393283	3.759640
2.079998	3.310806	3.400130	3.771532
2.089998	3.319623	3.406622	3.783628
2.099998	3.328202	3.412752	3.795904
2.109998	3.336530	3.418514	3.808338
2.119998	3.344595	3.423900	3.820904
2.129998	3.352387	3.428906	3.833580
2.139998	3.359895	3.433527	3.846339
2.149998	3.367110	3.437758	3.859159
2.159998	3.374022	3.441597	3.872015
2.169998	3.380623	3.445043	3.884884
2.179998	3.386904	3.448092	3.897742
2.189998	3.392858	3.450746	3.910564
2.199998	3.398479	3.453004	3.923328
2.209998	3.403761	3.454867	3.936011
2.219998	3.408699	3.456338	3.948591
2.229998	3.413288	3.457420	3.961045
2.239998	3.417524	3.458117	3.973352
2.249998	3.421405	3.458431	3.985490
2.259998	3.424929	3.458371	3.997440
2.269998	3.428093	3.457940	4.009181
2.279998	3.430898	3.457147	4.020693
2.289998	3.433343	3.455998	4.031960
2.299998	3.435429	3.454502	4.042963
2.309998	3.437158	3.452667	4.053684
2.319998	3.438532	3.450505	4.064108
2.329998	3.439554	3.448023	4.074220
2.339998	3.440227	3.445233	4.084005
2.349998	3.440557	3.442147	4.093450
2.359998	3.440547	3.438775	4.102541
2.369998	3.440204	3.435130	4.111269
2.379998	3.439534	3.431225	4.119621
2.389998	3.438545	3.427072	4.127589
2.399998	3.437243	3.422684	4.135163
2.409998	3.435636	3.418076	4.142336
2.419998	3.433733	3.413260	4.149101
2.429998	3.431544	3.408250	4.155453
2.439998	3.429078	3.403061	4.161387
2.449998	3.426344	3.397707	4.166899
2.459998	3.423354	3.392202	4.171986
2.469998	3.420118	3.386560	4.176646
2.479998	3.416646	3.380795	4.180880
2.489998	3.412951	3.374921	4.184686
2.499998	3.409044	3.368953	4.188066
2.509998	3.404937	3.362905	4.191021
2.519998	3.400642	3.356790	4.193555
2.529998	3.396171	3.350622	4.195671
2.539998	3.391536	3.344415	4.197373
2.549998	3.386751	3.338181	4.198667
2.559998	3.381827	3.331934	4.199558
2.569998	3.376776	3.325686	4.200053
2.579998	3.371613	3.319449	4.200159
2.589998	3.366348	3.313236	4.199885
2.599998	3.360995	3.307057	4.199238
2.609998	3.355565	3.300925	4.198229
2.619998	3.350071	3.294850	4.196866
2.629998	3.344525	3.288843	4.195159
2.639998	3.338938	3.282913	4.193120
2.649998	3.333323	3.277070	4.190758
2.659998	3.327691	3.271324	4.188087
2.669998	3.322053	3.265683	4.185117
2.679998	3.316421	3.260155	4.181860
2.689998	3.310804	3.254748	4.178329
2.699998	3.305213	3.249470	4.174537
2.709998	3.299659	3.244328	4.170496
2.719998	3.294150	3.239327	4.166218
2.729998	3.288697	3.234475	4.161718
2.739998	3.283309	3.229776	4.157009
2.749998	3.277994	3.225237	4.152102
2.759998	3.272760	3.220861	4.147014
2.769998	3.267617	3.216654	4.141755
2.779998	3.262570	3.212618	4.136340
2.789998	3.257628	3.208757	4.130783
2.799998	3.252798	3.205076	4.125095
2.809998	3.248086	3.201575	4.119291
2.819998	3.243498	3.198257	4.113384
2.829998	3.239040	3.195125	4.107386
2.839998	3.234717	3.192179	4.101310
2.849998	3.230534	3.189422	4.095169
2.859998	3.226496	3.186853	4.088975
2.869998	3.222607	3.184473	4.082742
2.879998	3.218870	3.182282	4.076479
2.889998	3.215290	3.180281	4.070200
2.899998	3.211869	3.178468	4.063916
2.909998	3.208611	3.176843	4.057638
2.919998	3.205517	3.175404	4.051377
2.929998	3.202589	3.174151	4.045145
2.939998	3.199829	3.173081	4.038950
2.949998	3.197239	3.172192	4.032804
2.959998	3.194820	3.171483	4.026715
2.969998	3.192572	3.170951	4.020695
2.979998	3.190496	3.170593	4.014751
2.989998	3.188592	3.170407	4.008893
2.999998	3.186859	3.170389	4.003129
3.009998	3.185297	3.170536	3.997467
3.019998	3.183906	3.170844	3.991915
3.029998	3.182684	3.171310	3.986481
3.039998	3.181631	3.171931	3.981171
3.049998	3.180744	3.172701	3.975992
3.059998	3.180022	3.173617	3.970951
3.069998	3.179462	3.174675	3.966053
3.079998	3.179064	3.175870	3.961305
3.089998	3.178823	3.177198	3.956711
3.099998	3.178738	3.178653	3.952277
3.109998	3.178805	3.180232	3.948006
3.119998	3.179022	3.181929	3.943904
3.129997	3.179385	3.183739	3.939975
3.139997	3.179892	3.185657	3.936220
3.149997	3.180537	3.187678	3.932645
3.159997	3.181319	3.189797	3.929250
3.169997	3.182232	3.192008	3.926040
3.179997	3.183273	3.194306	3.923017
3.189997	3.184437	3.196687	3.920181
3.199997	3.185721	3.199143	3.917534
3.209997	3.187120	3.201671	3.915077
3.219997	3.188630	3.204263	3.912812
3.229997	3.190245	3.206916	3.910738
3.239997	3.191962	3.209624	3.908856
3.249997	3.193776	3.212380	3.907166
3.259997	3.195681	3.215179	3.905666
3.269997	3.197674	3.218017	3.904357
3.279997	3.199748	3.220887	3.903237
3.289997	3.201900	3.223785	3.902305
3.299997	3.204124	3.226704	3.901558
3.309997	3.206414	3.229640	3.900996
3.319997	3.208767	3.232587	3.900616
3.329997	3.211177	3.235540	3.900415
3.339997	3.213638	3.238493	3.900391
3.349997	3.216146	3.241443	3.900540
3.359997	3.218696	3.244383	3.900860
3.369997	3.221282	3.247310	3.901346
3.379997	3.223899	3.250217	3.901997
3.389997	3.226543	3.253101	3.902806
3.399997	3.229209	3.255956	3.903771
3.409997	3.231891	3.258779	3.904887
3.419997	3.234585	3.261565	3.906149
3.429997	3.237286	3.264309	3.907553
3.439997	3.239988	3.267009	3.909095
3.449997	3.242688	3.269658	3.910768
3.459997	3.245381	3.272255	3.912569
3.469997	3.248062	3.274795	3.914490
3.479997	3.250726	3.277274	3.916529
3.489997	3.253370	3.279689	3.918678
3.499997	3.255989	3.282038	3.920932
3.509997	3.258578	3.284316	3.923285
3.519997	3.261135	3.286522	3.925732
3.529997	3.263654	3.288652	3.928267
3.539997	3.266133	3.290703	3.930883
3.549997	3.268567	3.292674	3.933575
3.559997	3.270953	3.294563	3.936337
3.569997	3.273288	3.296366	3.939162
3.579997	3.275568	3.298083	3.942045
3.589997	3.277790	3.299712	3.944980
3.599997	3.279951	3.301251	3.947959
3.609997	3.282049	3.302700	3.950979
3.619997	3.284081	3.304056	3.954031
3.629997	3.286043	3.305319	3.957111
3.639997	3.287935	3.306489	3.960212
3.649997	3.289753	3.307564	3.963328
3.659997	3.291497	3.308545	3.966454
3.669997	3.293163	3.309432	3.969583
3.679997	3.294750	3.310224	3.972711
3.689997	3.296257	3.310921	3.975831
3.699997	3.297682	3.311524	3.978937
3.709997	3.299025	3.312033	3.982026
3.719997	3.300283	3.312450	3.985090
3.729997	3.301458	3.312774	3.988126
3.739997	3.302547	3.313008	3.991128
3.749997	3.303550	3.313151	3.994092
3.759997	3.304467	3.313206	3.997012
3.769997	3.305298	3.313174	3.999884
3.779997	3.306042	3.313057	4.002704
3.789997	3.306701	3.312856	4.005467
3.799997	3.307273	3.312573	4.008170
3.809997	3.307761	3.312210	4.010808
3.819997	3.308163	3.311770	4.013379
3.829997	3.308482	3.311254	4.015878
3.839997	3.308718	3.310665	4.018302
3.849997	3.308872	3.310005	4.020649
3.859997	3.308945	3.309276	4.022914
3.869997	3.308939	3.308482	4.025097
3.879997	3.308854	3.307626	4.027193
3.889997	3.308693	3.306708	4.029202
3.899997	3.308458	3.305734	4.031119
3.909997	3.308149	3.304705	4.032945
3.919997	3.307770	3.303624	4.034678
3.929997	3.307321	3.302495	4.036314
3.939997	3.306805	3.301319	4.037855
3.949997	3.306225	3.300102	4.039299
3.959997	3.305581	3.298844	4.040643
3.969997	3.304878	3.297550	4.041889
3.979997	3.304117	3.296223	4.043036
3.989997	3.303300	3.294865	4.044083
3.999997	3.302431	3.293480	4.045030
4.009997	3.301511	3.292071	4.045878
4.019997	3.300544	3.290641	4.046627
4.029997	3.299531	3.289192	4.047276
4.039998	3.298477	3.287729	4.047828
4.049998	3.297383	3.286253	4.048283
4.059998	3.296252	3.284768	4.048641
4.069998	3.295087	3.283277	4.048904
4.079998	3.293891	3.281782	4.049073
4.089999	3.292666	3.280287	4.049150
4.099999	3.291416	3.278794	4.049137
4.109999	3.290143	3.277306	4.049035
4.119999	3.288850	3.275825	4.048845
4.130000	3.287539	3.274354	4.048571
4.140000	3.286214	3.272896	4.048214
4.150000	3.284876	3.271453	4.047776
4.160000	3.283530	3.270026	4.047260
4.170001	3.282176	3.268620	4.046668
4.180001	3.280819	3.267235	4.046002
4.190001	3.279460	3.265874	4.045266
4.200001	3.278103	3.264538	4.044461
4.210001	3.276748	3.263231	4.043591
4.220002	3.275400	3.261952	4.042659
4.230002	3.274060	3.260705	4.041668
4.240002	3.272730	3.259491	4.040620
4.250002	3.271413	3.258312	4.039518
4.260003	3.270111	3.257168	4.038365
4.270003	3.268825	3.256062	4.037165
4.280003	3.267559	3.254994	4.035921
4.290003	3.266313	3.253966	4.034635
4.300004	3.265090	3.252979	4.033310
4.310004	3.263891	3.252033	4.031951
4.320004	3.262719	3.251130	4.030560
4.330004	3.261574	3.250271	4.029139
4.340004	3.260459	3.249456	4.027693
4.350005	3.259374	3.248686	4.026224
4.360005	3.258322	3.247961	4.024735
4.370005	3.257302	3.247281	4.023231
4.380005	3.256318	3.246648	4.021712
4.390006	3.255369	3.246060	4.020183
4.400006	3.254456	3.245520	4.018646
4.410006	3.253582	3.245025	4.017104
4.420006	3.252745	3.244578	4.015561
4.430007	3.251948	3.244176	4.014018
4.440007	3.251191	3.243821	4.012478
4.450007	3.250474	3.243512	4.010945
4.460007	3.249799	3.243249	4.009421
4.470007	3.249164	3.243031	4.007909
4.480008	3.248572	3.242857	4.006410
4.490008	3.248021	3.242728	4.004928
4.500008	3.247513	3.242643	4.003464
4.510008	3.247047	3.242601	4.002021
4.520009	3.246624	3.242600	4.000601
4.530009	3.246243	3.242642	3.999206
4.540009	3.245904	3.242724	3.997838
4.550009	3.245607	3.242845	3.996500
4.560009	3.245351	3.243006	3.995193
4.570010	3.245137	3.243204	3.993918
4.580010	3.244965	3.243439	3.992677
4.590010	3.244832	3.243709	3.991472
4.600010	3.244740	3.244014	3.990305
4.610011	3.244687	3.244353	3.989176
4.620011	3.244673	3.244723	3.988087
4.630011	3.244697	3.245124	3.987040
4.640011	3.244758	3.245555	3.986034
4.650012	3.244856	3.246014	3.985072
4.660012	3.244989	3.246500	3.984154
4.670012	3.245158	3.247012	3.983281
4.680012	3.245360	3.247548	3.982454
4.690012	3.245595	3.248107	3.981673
4.700013	3.245862	3.248687	3.980939
4.710013	3.246160	3.249287	3.980252
4.720013	3.246487	3.249906	3.979613
4.730013	3.246843	3.250542	3.979022
4.740014	3.247226	3.251194	3.978479
4.750014	3.247636	3.251860	3.977984
4.760014	3.248071	3.252539	3.977537
4.770014	3.248529	3.253229	3.977138
4.780015	3.249010	3.253930	3.976787
4.790015	3.249513	3.254639	3.976484
4.800015	3.250035	3.255355	3.976228
4.810015	3.250576	3.256077	3.976018
4.820015	3.251135	3.256804	3.975856
4.830016	3.251710	3.257533	3.975739
4.840016	3.252299	3.258265	3.975667
4.850016	3.252902	3.258996	3.975640
4.860016	3.253518	3.259727	3.975657
4.870017	3.254144	3.260456	3.975716
4.880017	3.254780	3.261181	3.975818
4.890017	3.255424	3.261901	3.975961
4.900017	3.256075	3.262616	3.976144
4.910017	3.256732	3.263324	3.976366
4.920018	3.257393	3.264023	3.976626
4.930018	3.258057	3.264714	3.976923
4.940018	3.258723	3.265393	3.977255
4.950018	3.259391	3.266062	3.977622
4.960019	3.260057	3.266719	3.978022
4.970019	3.260723	3.267362	3.978454
4.980019	3.261385	3.267991	3.978917
4.990019	3.262043	3.268605	3.979409
5.000020	3.262697	3.269202	3.979928
5.010020	3.263344	3.269784	3.980474
5.020020	3.263984	3.270348	3.981044
5.030020	3.264616	3.270894	3.981638
5.040020	3.265239	3.271421	3.982254
5.050021	3.265852	3.271929	3.982890
5.060021	3.266454	3.272417	3.983545
5.070021	3.267045	3.272885	3.984218
5.080021	3.267622	3.273331	3.984906
5.090022	3.268186	3.273757	3.985609
5.100022	3.268736	3.274160	3.986325
5.110022	3.269271	3.274542	3.987052
5.120022	3.269790	3.274901	3.987789
5.130023	3.270293	3.275238	3.988534
5.140023	3.270779	3.275552	3.989287
5.150023	3.271247	3.275843	3.990044
5.160023	3.271698	3.276112	3.990806
5.170023	3.272130	3.276357	3.991570
5.180024	3.272543	3.276579	3.992335
5.190024	3.272937	3.276778	3.993099
5.200024	3.273311	3.276954	3.993863
5.210024	3.273665	3.277107	3.994623
5.220025	3.273999	3.277237	3.995378
5.230025	3.274313	3.277345	3.996129
5.240025	3.274606	3.277430	3.996872
5.250025	3.274878	3.277493	3.997608
5.260026	3.275129	3.277534	3.998334
5.270026	3.275359	3.277554	3.999050
5.280026	3.275568	3.277553	3.999754
5.290026	3.275756	3.277531	4.000446
5.300026	3.275923	3.277488	4.001125
5.310027	3.276069	3.277426	4.001789
5.320027	3.276194	3.277344	4.002437
5.330027	3.276299	3.277243	4.003069
5.340027	3.276383	3.277124	4.003685
5.350028	3.276447	3.276987	4.004282
5.360028	3.276491	3.276833	4.004860
5.370028	3.276516	3.276662	4.005419
5.380028	3.276521	3.276475	4.005958
5.390028	3.276507	3.276273	4.006476
5.400029	3.276474	3.276056	4.006974
5.410029	3.276423	3.275824	4.007449
5.420029	3.276355	3.275580	4.007903
5.430029	3.276268	3.275322	4.008334
5.440030	3.276165	3.275053	4.008742
5.450030	3.276046	3.274772	4.009127
5.460030	3.275911	3.274481	4.009488
5.470030	3.275760	3.274179	4.009826
5.480031	3.275595	3.273869	4.010139
5.490031	3.275415	3.273550	4.010429
5.500031	3.275222	3.273223	4.010695
5.510031	3.275016	3.272890	4.010936
5.520031	3.274797	3.272550	4.011153
5.530032	3.274566	3.272204	4.011346
5.540032	3.274325	3.271854	4.011516
5.550032	3.274072	3.271500	4.011661
5.560032	3.273810	3.271142	4.011783
5.570033	3.273539	3.270782	4.011881
5.580033	3.273259	3.270420	4.011957
5.590033	3.272971	3.270056	4.012009
5.600033	3.272676	3.269692	4.012039
5.610034	3.272375	3.269328	4.012047
5.620034	3.272067	3.268965	4.012033
5.630034	3.271754	3.268603	4.011997
5.640034	3.271437	3.268243	4.011941
5.650034	3.271116	3.267885	4.011864
5.660035	3.270791	3.267531	4.011767
5.670035	3.270464	3.267181	4.011652
5.680035	3.270135	3.266835	4.011517
5.690035	3.269804	3.266494	4.011364
5.700036	3.269473	3.266158	4.011194
5.710036	3.269141	3.265828	4.011006
5.720036	3.268811	3.265505	4.010803
5.730036	3.268481	3.265188	4.010583
5.740036	3.268152	3.264879	4.010349
5.750037	3.267826	3.264578	4.010101
5.760037	3.267503	3.264284	4.009839
5.770037	3.267183	3.263999	4.009564
5.780037	3.266866	3.263723	4.009278
5.790038	3.266554	3.263456	4.008980
5.800038	3.266247	3.263199	4.008671
5.810038	3.265945	3.262951	4.008353
5.820038	3.265648	3.262713	4.008025
5.830039	3.265358	3.262486	4.007689
5.840039	3.265074	3.262269	4.007346
5.850039	3.264797	3.262062	4.006995
5.860039	3.264527	3.261867	4.006639
5.870039	3.264265	3.261682	4.006277
5.880040	3.264010	3.261508	4.005911
5.890040	3.263764	3.261346	4.005541
5.900040	3.263527	3.261195	4.005167
5.910040	3.263298	3.261055	4.004792
5.920041	3.263078	3.260927	4.004415
5.930041	3.262868	3.260810	4.004036
5.940041	3.262667	3.260705	4.003658
5.950041	3.262475	3.260611	4.003280
5.960042	3.262294	3.260528	4.002903
5.970042	3.262122	3.260457	4.002528
5.980042	3.261961	3.260396	4.002155
5.990042	3.261810	3.260347	4.001785
6.000042	3.261668	3.260309	4.001419
6.010043	3.261538	3.260282	4.001057
6.020043	3.261417	3.260265	4.000700
6.030043	3.261307	3.260259	4.000348
6.040043	3.261208	3.260264	4.000002
6.050044	3.261119	3.260278	3.999663
6.060044	3.261040	3.260302	3.999330
6.070044	3.260971	3.260336	3.999005
6.080044	3.260913	3.260380	3.998688
6.090044	3.260864	3.260432	3.998378
6.100045	3.260826	3.260494	3.998077
6.110045	3.260798	3.260565	3.997785
6.120045	3.260780	3.260643	3.997503
6.130045	3.260771	3.260730	3.997230
6.140046	3.260772	3.260825	3.996967
6.150046	3.260782	3.260927	3.996715
6.160046	3.260801	3.261036	3.996473
6.170046	3.260828	3.261152	3.996242
6.180047	3.260865	3.261275	3.996021
6.190047	3.260910	3.261403	3.995812
6.200047	3.260964	3.261538	3.995614
6.210047	3.261025	3.261678	3.995428
6.220047	3.261094	3.261823	3.995253
6.230048	3.261171	3.261972	3.995090
6.240048	3.261254	3.262127	3.994939
6.250048	3.261345	3.262285	3.994799
6.260048	3.261442	3.262447	3.994671
6.270049	3.261546	3.262613	3.994555
6.280049	3.261656	3.262781	3.994452
6.290049	3.261771	3.262952	3.994359
6.300049	3.261892	3.263125	3.994279
6.310050	3.262017	3.263300	3.994210
6.320050	3.262148	3.263477	3.994153
6.330050	3.262283	3.263655	3.994108
6.340050	3.262423	3.263834	3.994074
6.350050	3.262566	3.264014	3.994051
6.360051	3.262712	3.264193	3.994039
6.370051	3.262862	3.264373	3.994038
6.380051	3.263014	3.264552	3.994048
6.390051	3.263169	3.264730	3.994068
6.400052	3.263326	3.264908	3.994098
6.410052	3.263485	3.265084	3.994138
6.420052	3.263646	3.265258	3.994188
6.430052	3.263808	3.265431	3.994248
6.440053	3.263971	3.265601	3.994316
6.450053	3.264134	3.265769	3.994394
6.460053	3.264297	3.265934	3.994480
6.470053	3.264461	3.266097	3.994574
6.480053	3.264624	3.266256	3.994677
6.490054	3.264787	3.266412	3.994787
6.500054	3.264949	3.266564	3.994904
6.510054	3.265110	3.266712	3.995028
6.520054	3.265270	3.266856	3.995159
6.530055	3.265427	3.266996	3.995296
6.540055	3.265583	3.267132	3.995440
6.550055	3.265737	3.267263	3.995588
6.560055	3.265888	3.267389	3.995742
6.570055	3.266037	3.267511	3.995900
6.580056	3.266183	3.267627	3.996063
6.590056	3.266326	3.267739	3.996230
6.600056	3.266466	3.267845	3.996401
6.610056	3.266602	3.267946	3.996575
6.620057	3.266734	3.268042	3.996752
6.630057	3.266863	3.268133	3.996931
6.640057	3.266988	3.268218	3.997113
6.650057	3.267109	3.268297	3.997296
6.660058	3.267226	3.268370	3.997481
6.670058	3.267338	3.268438	3.997667
6.680058	3.267446	3.268501	3.997854
6.690058	3.267549	3.268558	3.998041
6.700058	3.267648	3.268609	3.998228
6.710059	3.267741	3.268654	3.998415
6.720059	3.267830	3.268694	3.998602
6.730059	3.267914	3.268728	3.998787
6.740059	3.267993	3.268757	3.998971
6.750060	3.268067	3.268780	3.999154
6.760060	3.268136	3.268798	3.999335
6.770060	3.268199	3.268811	3.999514
6.780060	3.268258	3.268818	3.999690
6.790061	3.268312	3.268820	3.999864
6.800061	3.268360	3.268816	4.000034
6.810061	3.268403	3.268808	4.000202
6.820061	3.268441	3.268795	4.000366
6.830061	3.268474	3.268777	4.000526
6.840062	3.268502	3.268755	4.000682
6.850062	3.268524	3.268728	4.000834
6.860062	3.268542	3.268696	4.000982
6.870062	3.268555	3.268660	4.001126
6.880063	3.268563	3.268620	4.001265
6.890063	3.268567	3.268577	4.001399
6.900063	3.268565	3.268529	4.001528
6.910063	3.268559	3.268477	4.001652
6.920063	3.268549	3.268423	4.001770
6.930064	3.268534	3.268364	4.001884
6.940064	3.268515	3.268303	4.001992
6.950064	3.268492	3.268239	4.002094
6.960064	3.268464	3.268171	4.002191
6.970065	3.268433	3.268101	4.002282
6.980065	3.268398	3.268029	4.002367
6.990065	3.268359	3.267954	4.002447
7.000065	3.268317	3.267877	4.002521
7.010066	3.268271	3.267798	4.002588
7.020066	3.268222	3.267717	4.002650
7.030066	3.268170	3.267635	4.002706
7.040066	3.268115	3.267551	4.002756
7.050066	3.268058	3.267466	4.002800
7.060067	3.267997	3.267380	4.002839
7.070067	3.267934	3.267293	4.002872
7.080067	3.267869	3.267205	4.002898
7.090067	3.267801	3.267117	4.002919
7.100068	3.267732	3.267028	4.002935
7.110068	3.267661	3.266939	4.002945
7.120068	3.267588	3.266850	4.002950
7.130068	3.267513	3.266762	4.002949
7.140069	3.267437	3.266673	4.002943
7.150069	3.267360	3.266585	4.002931
7.160069	3.267282	3.266497	4.002915
7.170069	3.267204	3.266410	4.002894
7.180069	3.267124	3.266324	4.002868
7.190070	3.267044	3.266239	4.002838
7.200070	3.266963	3.266155	4.002802
7.210070	3.266882	3.266072	4.002763
7.220070	3.266801	3.265990	4.002719
7.230071	3.266720	3.265910	4.002671
7.240071	3.266639	3.265832	4.002620
7.250071	3.266558	3.265755	4.002564
7.260071	3.266478	3.265681	4.002505
7.270072	3.266399	3.265608	4.002443
7.280072	3.266320	3.265537	4.002377
7.290072	3.266242	3.265468	4.002308
7.300072	3.266165	3.265402	4.002237
7.310072	3.266089	3.265337	4.002162
7.320073	3.266015	3.265275	4.002086
7.330073	3.265942	3.265216	4.002007
7.340073	3.265870	3.265159	4.001925
7.350073	3.265800	3.265104	4.001842
7.360074	3.265731	3.265052	4.001758
7.370074	3.265664	3.265003	4.001671
7.380074	3.265599	3.264956	4.001584
7.390074	3.265535	3.264912	4.001494
7.400074	3.265474	3.264871	4.001404
7.410075	3.265415	3.264832	4.001313
7.420075	3.265357	3.264797	4.001222
7.430075	3.265302	3.264764	4.001130
7.440075	3.265250	3.264734	4.001037
7.450076	3.265199	3.264706	4.000945
7.460076	3.265151	3.264682	4.000852
7.470076	3.265105	3.264660	4.000760
7.480076	3.265062	3.264641	4.000668
7.490077	3.265021	3.264625	4.000576
7.500077	3.264983	3.264611	4.000485
7.510077	3.264947	3.264601	4.000395
7.520077	3.264913	3.264592	4.000306
7.530077	3.264883	3.264587	4.000217
7.540078	3.264854	3.264584	4.000131
7.550078	3.264828	3.264584	4.000045
7.560078	3.264805	3.264586	3.999961
7.570078	3.264785	3.264591	3.999879
7.580079	3.264766	3.264598	3.999798
7.590079	3.264751	3.264607	3.999719
7.600079	3.264738	3.264619	3.999642
7.610079	3.264727	3.264633	3.999568
7.620080	3.264719	3.264649	3.999495
7.630080	3.264713	3.264668	3.999424
7.640080	3.264710	3.264688	3.999356
7.650080	3.264709	3.264710	3.999290
7.660080	3.264710	3.264734	3.999227
7.670081	3.264714	3.264760	3.999167
7.680081	3.264719	3.264788	3.999109
7.690081	3.264727	3.264817	3.999053
7.700081	3.264737	3.264848	3.999001
7.710082	3.264750	3.264880	3.998951
7.720082	3.264764	3.264914	3.998904
7.730082	3.264780	3.264949	3.998859
7.740082	3.264797	3.264985	3.998818
7.750082	3.264817	3.265022	3.998779
7.760083	3.264838	3.265060	3.998743
7.770083	3.264862	3.265100	3.998711
7.780083	3.264886	3.265140	3.998681
7.790083	3.264912	3.265181	3.998654
7.800084	3.264940	3.265222	3.998630
7.810084	3.264969	3.265265	3.998609
7.820084	3.264999	3.265307	3.998590
7.830084	3.265031	3.265350	3.998575
7.840085	3.265063	3.265394	3.998562
7.850085	3.265097	3.265438	3.998552
7.860085	3.265131	3.265481	3.998545
7.870085	3.265167	3.265526	3.998541
7.880085	3.265203	3.265570	3.998539
7.890086	3.265240	3.265614	3.998540
7.900086	3.265278	3.265657	3.998544
7.910086	3.265316	3.265701	3.998550
7.920086	3.265355	3.265744	3.998559
7.930087	3.265394	3.265787	3.998570
7.940087	3.265433	3.265830	3.998583
7.950087	3.265473	3.265872	3.998599
7.960087	3.265513	3.265913	3.998617
7.970088	3.265553	3.265954	3.998637
7.980088	3.265593	3.265994	3.998659
7.990088	3.265633	3.266033	3.998683
8.000088	3.265673	3.266072	3.998709
8.010088	3.265713	3.266110	3.998737
8.020088	3.265753	3.266146	3.998767
8.030088	3.265792	3.266182	3.998798
8.040089	3.265831	3.266217	3.998831
8.050089	3.265869	3.266251	3.998865
8.060089	3.265907	3.266284	3.998901
8.070089	3.265944	3.266315	3.998938
8.080090	3.265981	3.266345	3.998976
8.090090	3.266017	3.266374	3.999016
8.100090	3.266052	3.266402	3.999056
8.110090	3.266087	3.266429	3.999098
8.120090	3.266121	3.266454	3.999140
8.130091	3.266154	3.266479	3.999183
8.140091	3.266186	3.266501	3.999226
8.150091	3.266217	3.266523	3.999271
8.160091	3.266247	3.266543	3.999316
8.170092	3.266276	3.266562	3.999361
8.180092	3.266304	3.266579	3.999406
8.190092	3.266331	3.266595	3.999452
8.200092	3.266357	3.266609	3.999498
8.210093	3.266382	3.266623	3.999543
8.220093	3.266405	3.266634	3.999589
8.230093	3.266428	3.266645	3.999635
8.240093	3.266449	3.266654	3.999681
8.250093	3.266469	3.266662	3.999726
8.260094	3.266487	3.266668	3.999771
8.270094	3.266505	3.266673	3.999815
8.280094	3.266521	3.266677	3.999859
8.290094	3.266536	3.266679	3.999903
8.300095	3.266550	3.266680	3.999946
8.310095	3.266562	3.266680	3.999988
8.320095	3.266573	3.266679	4.000029
8.330095	3.266583	3.266676	4.000070
8.340096	3.266592	3.266672	4.000109
8.350096	3.266599	3.266667	4.000148
8.360096	3.266605	3.266661	4.000185
8.370096	3.266610	3.266654	4.000222
8.380096	3.266614	3.266646	4.000258
8.390097	3.266617	3.266637	4.000293
8.400097	3.266618	3.266627	4.000326
8.410097	3.266618	3.266615	4.000359
8.420097	3.266618	3.266603	4.000390
8.430098	3.266616	3.266590	4.000419
8.440098	3.266613	3.266576	4.000448
8.450098	3.266608	3.266562	4.000475
8.460098	3.266603	3.266546	4.000501
8.470098	3.266597	3.266530	4.000525
8.480099	3.266590	3.266513	4.000548
8.490099	3.266582	3.266496	4.000569
8.500099	3.266573	3.266478	4.000589
8.510099	3.266563	3.266459	4.000608
8.520100	3.266552	3.266440	4.000625
8.530100	3.266540	3.266420	4.000641
8.540100	3.266528	3.266400	4.000655
8.550100	3.266515	3.266380	4.000668
8.560101	3.266501	3.266359	4.000679
8.570101	3.266486	3.266338	4.000690
8.580101	3.266471	3.266317	4.000698
8.590101	3.266456	3.266296	4.000705
8.600101	3.266439	3.266274	4.000711
8.610102	3.266423	3.266253	4.000716
8.620102	3.266406	3.266231	4.000719
8.630102	3.266388	3.266209	4.000721
8.640102	3.266370	3.266187	4.000721
8.650103	3.266351	3.266166	4.000721
8.660103	3.266333	3.266144	4.000719
8.670103	3.266314	3.266123	4.000715
8.680103	3.266294	3.266101	4.000710
8.690104	3.266275	3.266080	4.000705
8.700104	3.266255	3.266059	4.000698
8.710104	3.266236	3.266038	4.000690
8.720104	3.266216	3.266018	4.000681
8.730104	3.266196	3.265998	4.000671
8.740105	3.266176	3.265978	4.000660
8.750105	3.266156	3.265959	4.000648
8.760105	3.266137	3.265939	4.000635
8.770105	3.266117	3.265921	4.000621
8.780106	3.266098	3.265903	4.000607
8.790106	3.266078	3.265885	4.000591
8.800106	3.266059	3.265868	4.000575
8.810106	3.266040	3.265851	4.000557
8.820107	3.266021	3.265835	4.000540
8.830107	3.266003	3.265820	4.000521
8.840107	3.265985	3.265805	4.000502
8.850107	3.265967	3.265790	4.000483
8.860107	3.265949	3.265777	4.000463
8.870108	3.265932	3.265764	4.000442
8.880108	3.265916	3.265751	4.000421
8.890108	3.265899	3.265740	4.000400
8.900108	3.265884	3.265728	4.000378
8.910109	3.265868	3.265718	4.000356
8.920109	3.265854	3.265708	4.000333
8.930109	3.265839	3.265699	4.000311
8.940109	3.265826	3.265691	4.000288
8.950109	3.265812	3.265683	4.000266
8.960110	3.265800	3.265676	4.000243
8.970110	3.265788	3.265670	4.000220
8.980110	3.265776	3.265664	4.000197
8.990110	3.265765	3.265659	4.000175
9.000111	3.265755	3.265655	4.000153
9.010111	3.265745	3.265651	4.000130
9.020111	3.265736	3.265648	4.000108
9.030111	3.265728	3.265646	4.000086
9.040112	3.265720	3.265644	4.000064
9.050112	3.265712	3.265643	4.000042
9.060112	3.265706	3.265642	4.000021
9.070112	3.265700	3.265643	4.000000
9.080112	3.265694	3.265644	3.999980
9.090113	3.265690	3.265645	3.999960
9.100113	3.265686	3.265647	3.999940
9.110113	3.265682	3.265650	3.999921
9.120113	3.265679	3.265653	3.999903
9.130114	3.265677	3.265657	3.999885
9.140114	3.265675	3.265661	3.999867
9.150114	3.265674	3.265666	3.999850
9.160114	3.265673	3.265671	3.999834
9.170115	3.265673	3.265677	3.999818
9.180115	3.265674	3.265683	3.999803
9.190115	3.265675	3.265690	3.999788
9.200115	3.265677	3.265697	3.999774
9.210115	3.265679	3.265704	3.999761
9.220116	3.265682	3.265712	3.999749
9.230116	3.265685	3.265720	3.999737
9.240116	3.265689	3.265728	3.999726
9.250116	3.265693	3.265737	3.999715
9.260117	3.265697	3.265746	3.999705
9.270117	3.265702	3.265755	3.999696
9.280117	3.265708	3.265765	3.999688
9.290117	3.265714	3.265774	3.999680
9.300117	3.265720	3.265785	3.999673
9.310118	3.265727	3.265795	3.999667
9.320118	3.265733	3.265805	3.999662
9.330118	3.265741	3.265815	3.999657
9.340118	3.265749	3.265826	3.999653
9.350119	3.265756	3.265836	3.999650
9.360119	3.265764	3.265847	3.999647
9.370119	3.265773	3.265858	3.999645
9.380119	3.265781	3.265868	3.999643
9.390120	3.265790	3.265879	3.999643
9.400120	3.265799	3.265890	3.999643
9.410120	3.265808	3.265901	3.999643
9.420120	3.265818	3.265911	3.999644
9.430120	3.265827	3.265922	3.999646
9.440121	3.265837	3.265933	3.999649
9.450121	3.265846	3.265943	3.999652
9.460121	3.265856	3.265953	3.999655
9.470121	3.265866	3.265964	3.999659
9.480122	3.265876	3.265974	3.999664
9.490122	3.265885	3.265984	3.999669
9.500122	3.265895	3.265993	3.999675
9.510122	3.265905	3.266003	3.999681
9.520123	3.265915	3.266012	3.999688
9.530123	3.265924	3.266021	3.999695
9.540123	3.265934	3.266030	3.999702
9.550123	3.265944	3.266039	3.999710
9.560123	3.265953	3.266047	3.999718
9.570124	3.265962	3.266055	3.999727
9.580124	3.265972	3.266063	3.999736
9.590124	3.265981	3.266071	3.999745
9.600124	3.265990	3.266078	3.999755
9.610125	3.265998	3.266085	3.999764
9.620125	3.266007	3.266092	3.999774
9.630125	3.266015	3.266098	3.999785
9.640125	3.266023	3.266104	3.999795
9.650126	3.266031	3.266110	3.999806
9.660126	3.266039	3.266115	3.999816
9.670126	3.266046	3.266120	3.999827
9.680126	3.266053	3.266125	3.999838
9.690126	3.266060	3.266129	3.999849
9.700127	3.266067	3.266133	3.999861
9.710127	3.266073	3.266137	3.999872
9.720127	3.266080	3.266140	3.999883
9.730127	3.266086	3.266144	3.999894
9.740128	3.266091	3.266146	3.999905
9.750128	3.266097	3.266149	3.999917
9.760128	3.266102	3.266151	3.999928
9.770128	3.266106	3.266152	3.999939
9.780128	3.266111	3.266154	3.999950
9.790129	3.266115	3.266155	3.999960
9.800129	3.266119	3.266155	3.999971
9.810129	3.266122	3.266156	3.999982
9.820129	3.266125	3.266156	3.999992
9.830130	3.266128	3.266156	4.000002
9.840130	3.266131	3.266155	4.000012
9.850130	3.266133	3.266155	4.000022
9.860130	3.266135	3.266153	4.000032
9.870131	3.266137	3.266152	4.000041
9.880131	3.266138	3.266150	4.000051
9.890131	3.266139	3.266148	4.000060
9.900131	3.266140	3.266146	4.000068
9.910131	3.266140	3.266144	4.000076
9.920132	3.266141	3.266141	4.000084
9.930132	3.266141	3.266138	4.000092
9.940132	3.266140	3.266135	4.000100
9.950132	3.266140	3.266132	4.000107
9.960133	3.266139	3.266128	4.000113
9.970133	3.266137	3.266124	4.000120
9.980133	3.266136	3.266121	4.000126
9.990133	3.266134	3.266117	4.000132
