#t		x		y		z
0.000000	1.000000	2.000000	3.000000
0.010000	1.117699	2.474236	2.944385
0.020000	1.272070	3.007937	2.899165
0.030000	1.466107	3.618329	2.867556
0.040000	1.704224	4.324127	2.854111
0.050000	1.992292	5.146096	2.865226
0.060000	2.337719	6.107575	2.909848
0.070000	2.749573	7.234939	3.000467
0.080000	3.238731	8.557938	3.154464
0.090000	3.818034	10.109822	3.395960
0.100000	4.502426	11.927063	3.758294
0.110000	5.309021	14.048361	4.287282
0.120000	6.257010	16.512455	5.045396
0.130000	7.367291	19.353977	6.116846
0.140000	8.661595	22.596228	7.613307
0.150000	10.160799	26.239372	9.679356
0.160000	11.881983	30.242277	12.495571
0.170000	13.833672	34.496498	16.275288
0.180000	16.008663	38.792709	21.248287
0.190000	18.374157	42.784481	27.622007
0.200000	20.859753	45.963291	35.510658
0.210000	23.345779	47.671356	44.830406
0.220000	25.657257	47.188053	55.181053
0.230000	27.571342	43.914413	65.771301
0.240000	28.845591	37.628410	75.473396
0.250000	29.267082	28.700596	83.066589
0.260000	28.708975	18.113428	87.617256
0.270000	27.170174	7.206273	88.809685
0.280000	24.777330	-2.746859	87.027626
0.290000	21.747828	-10.894241	83.146187
0.300000	18.333010	-16.929495	78.184662
0.310000	14.766648	-20.989653	73.017456
0.320000	11.233906	-23.453909	68.240776
0.330000	7.862141	-24.761917	64.175468
0.340000	4.726604	-25.302841	60.937214
0.350000	1.862778	-25.371052	58.516571
0.360000	-0.720459	-25.163610	56.841049
0.370000	-3.029752	-24.796608	55.813782
0.380000	-5.079102	-24.326309	55.333416
0.390000	-6.884439	-23.768700	55.301979
0.400000	-8.460416	-23.115524	55.626373
0.410000	-9.818851	-22.346869	56.217297
0.420000	-10.968385	-21.440887	56.987923
0.430000	-11.914968	-20.381186	57.853569
0.440000	-12.662908	-19.162031	58.732845
0.450000	-13.216206	-17.791391	59.550194
0.460000	-13.579942	-16.291676	60.239342
0.470000	-13.761491	-14.698241	60.746887
0.480000	-13.771385	-13.055979	61.035168
0.490000	-13.623701	-11.414620	61.083733
0.500000	-13.335934	-9.823616	60.889034
0.510000	-12.928412	-8.327462	60.462410
0.520000	-12.423379	-6.962171	59.826756
0.530000	-11.843887	-5.753267	59.012535
0.540000	-11.212695	-4.715329	58.053837
0.550000	-10.551282	-3.852813	56.984932
0.560000	-9.879085	-3.161760	55.837734
0.570000	-9.212991	-2.631903	54.640175
0.580000	-8.567088	-2.248843	53.415470
0.590000	-7.952632	-1.995994	52.182041
0.600000	-7.378191	-1.856170	50.953892
0.610000	-6.849900	-1.812769	49.741261
0.620000	-6.371794	-1.850580	48.551338
0.630000	-5.946166	-1.956264	47.388992
0.640000	-5.573919	-2.118578	46.257412
0.650000	-5.254905	-2.328434	45.158646
0.660000	-4.988229	-2.578824	44.094028
0.670000	-4.772506	-2.864680	43.064522
0.680000	-4.606091	-3.182693	42.070965
0.690000	-4.487254	-3.531124	41.114262
0.700000	-4.414336	-3.909612	40.195526
0.710000	-4.385858	-4.318999	39.316216
0.720000	-4.400616	-4.761168	38.478226
0.730000	-4.457742	-5.238893	37.684002
0.740000	-4.556753	-5.755712	36.936642
0.750000	-4.697582	-6.315789	36.240036
0.760000	-4.880587	-6.923790	35.598995
0.770000	-5.106555	-7.584734	35.019440
0.780000	-5.376689	-8.303818	34.508572
0.790000	-5.692567	-9.086193	34.075108
0.800000	-6.056097	-9.936679	33.729515
0.810000	-6.469431	-10.859370	33.484264
0.820000	-6.934853	-11.857124	33.354065
0.830000	-7.454611	-12.930884	33.356068
0.839999	-8.030705	-14.078805	33.509960
0.849999	-8.664591	-15.295156	33.837906
0.859999	-9.356797	-16.568991	34.364193
0.869999	-10.106448	-17.882601	35.114468
0.879999	-10.910672	-19.209846	36.114376
0.889999	-11.763907	-20.514547	37.387413
0.899999	-12.657141	-21.749224	38.951839
0.909999	-13.577129	-22.854668	40.816578
0.919999	-14.505721	-23.760942	42.976234
0.929999	-15.419434	-24.390501	45.405701
0.939999	-16.289494	-24.663969	48.055244
0.949999	-17.082563	-24.508789	50.847462
0.959999	-17.762339	-23.870111	53.677704
0.969999	-18.292078	-22.722351	56.419437
0.979999	-18.637922	-21.078821	58.935104
0.989999	-18.772604	-18.996473	61.091530
0.999999	-18.678909	-16.573383	62.777157
1.009999	-18.352196	-13.938400	63.917156
1.019999	-17.801361	-11.234756	64.482567
1.029999	-17.048023	-8.601396	64.491173
1.039999	-16.124075	-6.156465	64.000320
1.049999	-15.068135	-3.986337	63.094242
1.059999	-13.921645	-2.141610	61.869419
1.069999	-12.725255	-0.639337	60.421478
1.079999	-11.516000	0.530554	58.835697
1.089999	-10.325448	1.397064	57.181755
1.099999	-9.178818	2.000105	55.512222
1.109999	-8.094876	2.383878	53.863693
1.119999	-7.086393	2.592072	52.259346
1.129999	-6.160918	2.664849	50.712029
1.139999	-5.321699	2.637262	49.227211
1.149999	-4.568611	2.538707	47.805485
1.159999	-3.899015	2.393043	46.444504
1.169999	-3.308501	2.219083	45.140388
1.179999	-2.791506	2.031253	43.888653
1.189999	-2.341808	1.840303	42.684792
1.199999	-1.952903	1.653980	41.524612
1.209999	-1.618290	1.477637	40.404388
1.219999	-1.331671	1.314760	39.320900
1.229999	-1.087087	1.167414	38.271427
1.239999	-0.879005	1.036607	37.253681
1.249999	-0.702360	0.922585	36.265759
1.259999	-0.552573	0.825072	35.306061
1.269999	-0.425545	0.743452	34.373238
1.279999	-0.317636	0.676918	33.466137
1.289999	-0.225634	0.624580	32.583763
1.299999	-0.146716	0.585545	31.725241
1.309999	-0.078414	0.558985	30.889784
1.319999	-0.018565	0.544177	30.076683
1.329999	0.034724	0.540537	29.285284
1.339999	0.083117	0.547642	28.514982
1.349999	0.128091	0.565252	27.765213
1.359999	0.170967	0.593318	27.035448
1.369999	0.212944	0.631998	26.325191
1.379999	0.255136	0.681670	25.633982
1.389999	0.298595	0.742941	24.961388
1.399999	0.344343	0.816668	24.307020
1.409999	0.393401	0.903974	23.670528
1.419999	0.446812	1.006273	23.051613
1.429999	0.505669	1.125301	22.450031
1.439999	0.571144	1.263151	21.865616
1.449999	0.644516	1.422317	21.298285
1.459999	0.727201	1.605742	20.748074
1.469999	0.820784	1.816888	20.215162
1.479999	0.927056	2.059796	19.699915
1.489999	1.048056	2.339180	19.202940
1.499999	1.186110	2.660516	18.725159
1.509999	1.343888	3.030150	18.267902
1.519999	1.524455	3.455425	17.833042
1.529999	1.731339	3.944806	17.423157
1.539999	1.968595	4.508029	17.041756
1.549999	2.240888	5.156237	16.693573
1.559999	2.553571	5.902122	16.384956
1.569999	2.912778	6.760025	16.124378
1.579999	3.325502	7.745992	15.923096
1.589999	3.799683	8.877711	15.796010
1.599999	4.344254	10.174275	15.762758
1.609999	4.969167	11.655642	15.849085
1.619999	5.685328	13.341629	16.088518
1.629999	6.504420	15.250206	16.524332
1.639999	7.438526	17.394732	17.211700
1.649999	8.499465	19.779718	18.219780
1.659999	9.697691	22.394615	19.633192
1.669999	11.040588	25.205132	21.551933
1.679999	12.529980	28.141888	24.088127
1.689999	14.158672	31.086967	27.357309
1.699999	15.906035	33.860458	31.461378
1.709999	17.732883	36.211617	36.460648
1.719999	19.576546	37.822552	42.334690
1.729999	21.347767	38.334702	48.937256
1.739999	22.931906	37.406715	55.959435
1.749999	24.197060	34.802273	62.924236
1.759999	25.010471	30.487282	69.236328
1.769999	25.261477	24.695690	74.293694
1.779999	24.885172	17.920362	77.633842
1.789999	23.878527	10.813652	79.056236
1.799999	22.302307	4.030973	78.663605
1.809999	20.267849	-1.916070	76.805244
1.819999	17.914047	-6.739804	73.956757
1.829999	15.382912	-10.375058	70.594803
1.839999	12.800605	-12.921440	67.111084
1.849999	10.266897	-14.568174	63.778034
1.859999	7.852387	-15.530381	60.754375
1.869999	5.600976	-16.008228	58.110657
1.879999	3.534909	-16.167522	55.858925
1.889999	1.660430	-16.135065	53.977882
1.899999	-0.027114	-16.001987	52.430782
1.909999	-1.539136	-15.830208	51.176628
1.919999	-2.890723	-15.659278	50.176296
1.929999	-4.098452	-15.512345	49.395309
1.939999	-5.178928	-15.400876	48.804646
1.949998	-6.147851	-15.328180	48.380440
1.959998	-7.019450	-15.291959	48.103207
1.969998	-7.806189	-15.286115	47.956875
1.979998	-8.518632	-15.302038	47.927807
1.989998	-9.165438	-15.329544	48.003925
1.999998	-9.753425	-15.357585	48.173935
2.009999	-10.287694	-15.374834	48.426685
2.019999	-10.771790	-15.370195	48.750683
2.029999	-11.207892	-15.333282	49.133736
2.039999	-11.597043	-15.254877	49.562775
2.049999	-11.939377	-15.127368	50.023804
2.059999	-12.234388	-14.945149	50.502018
2.069999	-12.481197	-14.704960	50.982090
2.079998	-12.678820	-14.406119	51.448551
2.089998	-12.826431	-14.050644	51.886299
2.099998	-12.923607	-13.643204	52.281155
2.109998	-12.970528	-13.190919	52.620422
2.119998	-12.968139	-12.702995	52.893402
2.129998	-12.918253	-12.190229	53.091789
2.139998	-12.823592	-11.664421	53.209949
2.149998	-12.687764	-11.137738	53.245026
2.159998	-12.515183	-10.622103	53.196857
2.169998	-12.310946	-10.128642	53.067772
2.179998	-12.080663	-9.667243	52.862251
2.189998	-11.830281	-9.246241	52.586502
2.199998	-11.565892	-8.872249	52.248016
2.209998	-11.293550	-8.550119	51.855125
2.219998	-11.019114	-8.283017	51.416592
2.229998	-10.748108	-8.072582	50.941277
2.239998	-10.485626	-7.919146	50.437870
2.249998	-10.236253	-7.821980	49.914707
2.259998	-10.004025	-7.779546	49.379646
2.269998	-9.792423	-7.789733	48.840019
2.279998	-9.604374	-7.850064	48.302635
2.289998	-9.442279	-7.957866	47.773804
2.299998	-9.308053	-8.110401	47.259399
2.309998	-9.203171	-8.304957	46.764927
2.319998	-9.128709	-8.538897	46.295609
2.329998	-9.085397	-8.809669	45.856453
2.339998	-9.073656	-9.114799	45.452324
2.349998	-9.093632	-9.451833	45.088005
2.359998	-9.145223	-9.818269	44.768238
2.369998	-9.228091	-10.211465	44.497746
2.379998	-9.341670	-10.628527	44.281239
2.389998	-9.485153	-11.066183	44.123390
2.399998	-9.657476	-11.520654	44.028786
2.409998	-9.857286	-11.987509	44.001827
2.419998	-10.082901	-12.461537	44.046608
2.429998	-10.332258	-12.936628	44.166748
2.439998	-10.602865	-13.405675	44.365173
2.449998	-10.891738	-13.860525	44.643845
2.459998	-11.195352	-14.291987	45.003464
2.469998	-11.509593	-14.689917	45.443138
2.479998	-11.829737	-15.043399	45.960026
2.489998	-12.150443	-15.341047	46.549007
2.499998	-12.465791	-15.571427	47.202408
2.509998	-12.769352	-15.723598	47.909798
2.519998	-13.054320	-15.787759	48.657948
2.529998	-13.313688	-15.755970	49.430958
2.539998	-13.540479	-15.622876	50.210625
2.549998	-13.728022	-15.386372	50.977024
2.559998	-13.870260	-15.048117	51.709335
2.569998	-13.962067	-14.613823	52.386822
2.579998	-13.999541	-14.093248	52.989933
2.589998	-13.980269	-13.499861	53.501377
2.599998	-13.903500	-12.850187	53.907082
2.609998	-13.770238	-12.162898	54.196915
2.619998	-13.583231	-11.457726	54.365120
2.629998	-13.346848	-10.754333	54.410381
2.639998	-13.066864	-10.071242	54.335567
2.649998	-12.750180	-9.424959	54.147186
2.659998	-12.404483	-8.829326	53.854660
2.669998	-12.037901	-8.295161	53.469501
2.679998	-11.658669	-7.830176	53.004467
2.689998	-11.274825	-7.439116	52.472824
2.699998	-10.893966	-7.124086	51.887722
2.709998	-10.523052	-6.884988	51.261726
2.719998	-10.168287	-6.720001	50.606510
2.729998	-9.835047	-6.626069	49.932690
2.739998	-9.527864	-6.599349	49.249779
2.749998	-9.250450	-6.635592	48.566242
2.759998	-9.005755	-6.730458	47.889584
2.769998	-8.796039	-6.879742	47.226505
2.779998	-8.622958	-7.079538	46.583054
2.789998	-8.487661	-7.326334	45.964798
2.799998	-8.390872	-7.617042	45.376972
2.809998	-8.332973	-7.948991	44.824631
2.819998	-8.314073	-8.319867	44.312767
2.829998	-8.334064	-8.727628	43.846424
2.839998	-8.392665	-9.170381	43.430782
2.849998	-8.489439	-9.646239	43.071228
2.859998	-8.623807	-10.153152	42.773392
2.869998	-8.795034	-10.688709	42.543159
2.879998	-9.002200	-11.249929	42.386646
2.889998	-9.244151	-11.833031	42.310131
2.899998	-9.519435	-12.433187	42.319931
2.909998	-9.826218	-13.044288	42.422218
2.919998	-10.162188	-13.658699	42.622757
2.929998	-10.524444	-14.267069	42.926552
2.939998	-10.909382	-14.858180	43.337418
2.949998	-11.312582	-15.418905	43.857441
2.959998	-11.728704	-15.934297	44.486370
2.969998	-12.151418	-16.387854	45.220963
2.979998	-12.573367	-16.762014	46.054333
2.989998	-12.986203	-17.038897	46.975372
2.999998	-13.380694	-17.201298	47.968342
3.009998	-13.746931	-17.233919	49.012741
3.019998	-14.074639	-17.124731	50.083553
3.029998	-14.353591	-16.866356	51.151958
3.039998	-14.574106	-16.457296	52.186535
3.049998	-14.727605	-15.902811	53.154911
3.059998	-14.807167	-15.215253	54.025726
3.069998	-14.808040	-14.413751	54.770721
3.079998	-14.728033	-13.523206	55.366661
3.089998	-14.567751	-12.572676	55.796875
3.099998	-14.330625	-11.593347	56.052155
3.109998	-14.022740	-10.616351	56.130951
3.119998	-13.652482	-9.670716	56.038868
3.129997	-13.230026	-8.781687	55.787540
3.139997	-12.766751	-7.969584	55.393166
3.149997	-12.274625	-7.249264	54.874847
3.159997	-11.765624	-6.630126	54.253044
3.169997	-11.251232	-6.116580	53.548206
3.179997	-10.742051	-5.708813	52.779743
3.189997	-10.247522	-5.403714	51.965340
3.199997	-9.775772	-5.195827	51.120586
3.209997	-9.333559	-5.078242	50.258877
3.219997	-8.926300	-5.043355	49.391506
3.229997	-8.558166	-5.083484	48.527885
3.239997	-8.232213	-5.191321	47.675835
3.249997	-7.950546	-5.360250	46.841900
3.259997	-7.714478	-5.584535	46.031673
3.269997	-7.524699	-5.859406	45.250069
3.279997	-7.381428	-6.181080	44.501598
3.289997	-7.284547	-6.546701	43.790585
3.299997	-7.233721	-6.954258	43.121361
3.309997	-7.228489	-7.402450	42.498432
3.319997	-7.268341	-7.890538	41.926624
3.329997	-7.352761	-8.418164	41.411209
3.339997	-7.481264	-8.985148	40.958000
3.349997	-7.653389	-9.591262	40.573448
3.359997	-7.868687	-10.235964	40.264698
3.369997	-8.126672	-10.918108	40.039616
3.379997	-8.426751	-11.635608	39.906784
3.389997	-8.768133	-12.385061	39.875431
3.399997	-9.149693	-13.161333	39.955269
3.409997	-9.569827	-13.957111	40.156242
3.419997	-10.026261	-14.762452	40.488121
3.429997	-10.515848	-15.564346	40.959934
3.439997	-11.034338	-16.346371	41.579201
3.449997	-11.576149	-17.088488	42.350956
3.459997	-12.134150	-17.767092	43.276581
3.469997	-12.699483	-18.355427	44.352474
3.479997	-13.261469	-18.824463	45.568695
3.489997	-13.807629	-19.144341	46.907722
3.499997	-14.323870	-19.286404	48.343567
3.509997	-14.794870	-19.225748	49.841499
3.519997	-15.204698	-18.944090	51.358688
3.529997	-15.537629	-18.432590	52.845901
3.539997	-15.779152	-17.694195	54.250351
3.549997	-15.917045	-16.744967	55.519436
3.559997	-15.942414	-15.614015	56.605030
3.569997	-15.850555	-14.341822	57.467617
3.579997	-15.641490	-12.977088	58.079651
3.589997	-15.320101	-11.572528	58.427517
3.599997	-14.895832	-10.180292	58.511852
3.609997	-14.381989	-8.847740	58.346191
3.619997	-13.794751	-7.614176	57.954346
3.629997	-13.152022	-6.508911	57.367058
3.639997	-12.472283	-5.550696	56.618526
3.649997	-11.773549	-4.748354	55.743320
3.659997	-11.072538	-4.102242	54.773975
3.669997	-10.384079	-3.606160	53.739429
3.679997	-9.720762	-3.249371	52.664219
3.689997	-9.092817	-3.018461	51.568314
3.699997	-8.508158	-2.898900	50.467400
3.709997	-7.972558	-2.876247	49.373432
3.719997	-7.489907	-2.937002	48.295292
3.729997	-7.062511	-3.069148	47.239475
3.739997	-6.691394	-3.262444	46.210716
3.749997	-6.376601	-3.508544	45.212528
3.759997	-6.117470	-3.800975	44.247658
3.769997	-5.912871	-4.135034	43.318439
3.779997	-5.761415	-4.507644	42.427078
3.789997	-5.661624	-4.917174	41.575874
3.799997	-5.612069	-5.363252	40.767406
3.809997	-5.611471	-5.846581	40.004684
3.819997	-5.658788	-6.368745	39.291286
3.829997	-5.753262	-6.932029	38.631496
3.839997	-5.894448	-7.539214	38.030437
3.849997	-6.082228	-8.193373	37.494209
3.859997	-6.316789	-8.897631	37.030037
3.869997	-6.598590	-9.654886	36.646423
3.879997	-6.928298	-10.467473	36.353291
3.889997	-7.306694	-11.336746	36.162109
3.899997	-7.734547	-12.262570	36.085972
3.909997	-8.212443	-13.242695	36.139610
3.919997	-8.740566	-14.272001	36.339268
3.929997	-9.318421	-15.341631	36.702393
3.939997	-9.944498	-16.438005	37.247047
3.949997	-10.615867	-17.541805	37.990971
3.959997	-11.327723	-18.627022	38.950157
3.969997	-12.072887	-19.660234	40.136917
3.979997	-12.841317	-20.600403	41.557350
3.989997	-13.619668	-21.399448	43.208355
3.999997	-14.391016	-22.004009	45.074379
4.009997	-15.134838	-22.358669	47.124378
4.019997	-15.827380	-22.410765	49.309654
4.029997	-16.442518	-22.116604	51.563389
4.039998	-16.953169	-21.448402	53.802727
4.049998	-17.333221	-20.400778	55.933846
4.059998	-17.559820	-18.995291	57.859962
4.069998	-17.615696	-17.281576	59.491283
4.079998	-17.491199	-15.334179	60.755154
4.089999	-17.185610	-13.245191	61.604321
4.099999	-16.707481	-11.113995	62.021454
4.109999	-16.073910	-9.036164	62.019028
4.119999	-15.308875	-7.093794	61.634823
4.130000	-14.440955	-5.348950	60.924438
4.140000	-13.500819	-3.840948	59.952690
4.150000	-12.518883	-2.587176	58.785614
4.160000	-11.523388	-1.586456	57.484325
4.170001	-10.539069	-0.823723	56.101173
4.180001	-9.586399	-0.274919	54.678085
4.190001	-8.681358	0.088652	53.246582
4.200001	-7.835593	0.296896	51.828896
4.210001	-7.056840	0.378510	50.439617
4.220002	-6.349490	0.359484	49.087460
4.230002	-5.715208	0.262316	47.776901
4.240002	-5.153539	0.105754	46.509548
4.250002	-4.662468	-0.095123	45.285213
4.260003	-4.238904	-0.328626	44.102699
4.270003	-3.879084	-0.586081	42.960339
4.280003	-3.578910	-0.861423	41.856369
4.290003	-3.334206	-1.150805	40.789146
4.300004	-3.140918	-1.452236	39.757275
4.310004	-2.995269	-1.765272	38.759686
4.320004	-2.893861	-2.090756	37.795666
4.330004	-2.833752	-2.430608	36.864876
4.340004	-2.812511	-2.787657	35.967381
4.350005	-2.828244	-3.165517	35.103657
4.360005	-2.879616	-3.568501	34.274635
4.370005	-2.965862	-4.001556	33.481770
4.380005	-3.086787	-4.470230	32.727093
4.390006	-3.242773	-4.980640	32.013340
4.400006	-3.434774	-5.539466	31.344084
4.410006	-3.664314	-6.153918	30.723911
4.420006	-3.933485	-6.831707	30.158648
4.430007	-4.244932	-7.580970	29.655628
4.440007	-4.601840	-8.410141	29.224033
4.450007	-5.007902	-9.327748	28.875278
4.460007	-5.467258	-10.342072	28.623468
4.470007	-5.984414	-11.460648	28.485905
4.480008	-6.564099	-12.689517	28.483614
4.490008	-7.211052	-14.032185	28.641863
4.500008	-7.929718	-15.488163	28.990559
4.510008	-8.723800	-17.051048	29.564392
4.520009	-9.595657	-18.706049	30.402512
4.530009	-10.545492	-20.426979	31.547405
4.540009	-11.570306	-22.172857	33.042576
4.550009	-12.662630	-23.884474	34.928543
4.560009	-13.809073	-25.481634	37.236691
4.570010	-14.988824	-26.862230	39.980774
4.580010	-16.172354	-27.904701	43.146385
4.590010	-17.320719	-28.475645	46.679707
4.600010	-18.385956	-28.443895	50.478127
4.610011	-19.313101	-27.700966	54.386597
4.620011	-20.044170	-26.185253	58.203884
4.630011	-20.524036	-23.904350	61.701515
4.640011	-20.707464	-20.947866	64.654381
4.650012	-20.565954	-17.484003	66.876976
4.660012	-20.092707	-13.737697	68.255249
4.670012	-19.304306	-9.954944	68.764008
4.680012	-18.238575	-6.363494	68.464554
4.690012	-16.949192	-3.141175	67.484482
4.700013	-15.498495	-0.399263	65.987648
4.710013	-13.950190	1.818002	64.143867
4.720013	-12.363319	3.521898	62.105789
4.730013	-10.788242	4.762001	59.995846
4.740014	-9.264665	5.608865	57.902473
4.750014	-7.821372	6.139968	55.882805
4.760014	-6.477106	6.430128	53.968693
4.770014	-5.242068	6.546054	52.173580
4.780015	-4.119637	6.544053	50.498764
4.790015	-3.108028	6.469782	48.938400
4.800015	-2.201763	6.359151	47.483120
4.810015	-1.392884	6.239728	46.122433
4.820015	-0.671907	6.132279	44.846210
4.830016	-0.028546	6.052206	43.645477
4.840016	0.547767	6.010811	42.512783
4.850016	1.067511	6.016361	41.442310
4.860016	1.540848	6.074937	40.429825
4.870017	1.977470	6.191130	39.472588
4.880017	2.386535	6.368567	38.569244
4.890017	2.776647	6.610331	37.719727
4.900017	3.155869	6.919254	36.925213
4.910017	3.531763	7.298141	36.188118
4.920018	3.911443	7.749892	35.512138
4.930018	4.301629	8.277556	34.902336
4.940018	4.708698	8.884301	34.365284
4.950018	5.138723	9.573292	33.909252
4.960019	5.597491	10.347467	33.544418
4.970019	6.090494	11.209192	33.283108
4.980019	6.622879	12.159758	33.140038
4.990019	7.199347	13.198698	33.132511
5.000020	7.823987	14.322894	33.280537
5.010020	8.500030	15.525428	33.606766
5.020020	9.229499	16.794184	34.136154
5.030020	10.012757	18.110222	34.895180
5.040020	10.847928	19.446001	35.910446
5.050021	11.730206	20.763643	37.206470
5.060021	12.651081	22.013571	38.802460
5.070021	13.597540	23.133986	40.708008
5.080021	14.551372	24.051870	42.917862
5.090022	15.488725	24.686201	45.406193
5.100022	16.380154	24.954029	48.121403
5.110022	17.191385	24.779596	50.982864
5.120022	17.885008	24.105864	53.881386
5.130023	18.423147	22.906733	56.684944
5.140023	18.770973	21.197170	59.250290
5.150023	18.900606	19.038044	61.439354
5.160023	18.794744	16.533157	63.137493
5.170023	18.449261	13.817950	64.269295
5.180024	17.874140	11.041892	64.807823
5.190024	17.092518	8.348719	64.775024
5.200024	16.138008	5.859226	64.233582
5.210024	15.050939	3.660206	63.273170
5.220025	13.874236	1.800806	61.994965
5.230025	12.649696	0.295425	60.498016
5.240025	11.415106	-0.869175	58.869644
5.250025	10.202412	-1.725114	57.180344
5.260026	9.036896	-2.315021	55.482597
5.270026	7.937151	-2.685246	53.812340
5.280026	6.915612	-2.881052	52.191803
5.290026	5.979401	-2.943658	50.632828
5.300026	5.131301	-2.908772	49.139923
5.310027	4.370718	-2.806152	47.712864
5.320027	3.694562	-2.659825	46.348625
5.330027	3.098010	-2.488651	45.042801
5.340027	2.575119	-2.307048	43.790504
5.350028	2.119328	-2.125742	42.586941
5.360028	1.723828	-1.952470	41.427715
5.370028	1.381839	-1.792611	40.308956
5.380028	1.086809	-1.649725	39.227352
5.390028	0.832537	-1.526009	38.180126
5.400029	0.613257	-1.422668	37.164970
5.410029	0.423669	-1.340219	36.179970
5.420029	0.258954	-1.278735	35.223537
5.430029	0.114758	-1.238033	34.294357
5.440030	-0.012838	-1.217832	33.391327
5.450030	-0.127349	-1.217869	32.513515
5.460030	-0.231939	-1.237992	31.660133
5.470030	-0.329464	-1.278235	30.830513
5.480031	-0.422521	-1.338882	30.024092
5.490031	-0.513502	-1.420511	29.240404
5.500031	-0.604645	-1.524044	28.479088
5.510031	-0.698078	-1.650786	27.739883
5.520031	-0.795871	-1.802468	27.022652
5.530032	-0.900086	-1.981295	26.327393
5.540032	-1.012823	-2.189991	25.654280
5.550032	-1.136267	-2.431856	25.003693
5.560032	-1.272742	-2.710831	24.376280
5.570033	-1.424757	-3.031564	23.773020
5.580033	-1.595065	-3.399494	23.195322
5.590033	-1.786713	-3.820938	22.645144
5.600033	-2.003109	-4.303181	22.125145
5.610034	-2.248078	-4.854572	21.638899
5.620034	-2.525931	-5.484617	21.191151
5.630034	-2.841534	-6.204051	20.788160
5.640034	-3.200371	-7.024877	20.438145
5.650034	-3.608608	-7.960346	20.151831
5.660035	-4.073140	-9.024829	19.943163
5.670035	-4.601619	-10.233519	19.830181
5.680035	-5.202430	-11.601874	19.836086
5.690035	-5.884611	-13.144672	19.990505
5.700036	-6.657651	-14.874480	20.330906
5.710036	-7.531137	-16.799324	20.904072
5.720036	-8.514153	-18.919249	21.767395
5.730036	-9.614348	-21.221472	22.989567
5.740036	-10.836548	-23.673859	24.649946
5.750037	-12.180799	-26.216717	26.835497
5.760037	-13.639752	-28.753441	29.633780
5.770037	-15.195409	-31.141548	33.120209
5.780037	-16.815456	-33.187252	37.338131
5.790038	-18.449810	-34.648560	42.271782
5.800038	-20.028439	-35.253246	47.815540
5.810038	-21.462069	-34.736984	53.748089
5.820038	-22.647436	-32.901318	59.725452
5.830039	-23.478134	-29.680424	65.307854
5.840039	-23.860287	-25.193388	70.027161
5.850039	-23.729856	-19.754122	73.483276
5.860039	-23.066458	-13.822935	75.437553
5.870039	-21.898737	-7.910276	75.865044
5.880040	-20.299152	-2.468376	74.943779
5.890040	-18.370071	2.188380	72.989677
5.900040	-16.226023	5.911673	70.368881
5.910040	-13.977366	8.699937	67.421555
5.920041	-11.718825	10.652533	64.416336
5.930041	-9.523817	11.920009	61.536491
5.940041	-7.443620	12.664693	58.888092
5.950041	-5.509666	13.036115	56.518330
5.960042	-3.737293	13.159441	54.435242
5.970042	-2.129779	13.132754	52.624207
5.980042	-0.681991	13.029190	51.059879
5.990042	0.616634	12.901076	49.713852
6.000042	1.779808	12.784415	48.559063
6.010043	2.822741	12.702881	47.571972
6.020043	3.760985	12.671064	46.733368
6.030043	4.609664	12.696943	46.028374
6.040043	5.382978	12.783690	45.446056
6.050044	6.093899	12.930940	44.978859
6.060044	6.753992	13.135650	44.621986
6.070044	7.373328	13.392661	44.372807
6.080044	7.960440	13.695039	44.230267
6.090044	8.522313	14.034265	44.194344
6.100045	9.064382	14.400332	44.265511
6.110045	9.590543	14.781805	44.444202
6.120045	10.103168	15.165865	44.730259
6.130045	10.603117	15.538409	45.122368
6.140046	11.089774	15.884231	45.617485
6.150046	11.561090	16.187313	46.210270
6.160046	12.013668	16.431293	46.892559
6.170046	12.442882	16.600075	47.652958
6.180047	12.843060	16.678625	48.476555
6.190047	13.207727	16.653898	49.344906
6.200047	13.529922	16.515841	50.236286
6.210047	13.802572	16.258368	51.126297
6.220047	14.018926	15.880203	51.988808
6.230048	14.173008	15.385442	52.797211
6.240048	14.260074	14.783730	53.525879
6.250048	14.277003	14.089973	54.151684
6.260048	14.222620	13.323576	54.655399
6.270049	14.097876	12.507251	55.022835
6.280049	13.905893	11.665539	55.245525
6.290049	13.651858	10.823211	55.320923
6.300049	13.342769	10.003740	55.252113
6.310050	12.987073	9.228012	55.047073
6.320050	12.594240	8.513388	54.717644
6.330050	12.174296	7.873190	54.278366
6.340050	11.737379	7.316581	53.745308
6.350050	11.293341	6.848790	53.135002
6.360051	10.851422	6.471591	52.463612
6.370051	10.420012	6.183934	51.746307
6.380051	10.006492	5.982635	50.996887
6.390051	9.617160	5.863049	50.227596
6.400052	9.257230	5.819680	49.449108
6.410052	8.930876	5.846693	48.670639
6.420052	8.641319	5.938313	47.900116
6.430052	8.390941	6.089118	47.144398
6.440053	8.181403	6.294235	46.409508
6.450053	8.013779	6.549448	45.700863
6.460053	7.888671	6.851234	45.023472
6.470053	7.806323	7.196745	44.382137
6.480053	7.766713	7.583741	43.781620
6.490054	7.769636	8.010490	43.226784
6.500054	7.814757	8.475632	42.722710
6.510054	7.901659	8.978016	42.274807
6.520054	8.029857	9.516515	41.888889
6.530055	8.198794	10.089810	41.571228
6.540055	8.407826	10.696150	41.328575
6.550055	8.656170	11.333077	41.168144
6.560055	8.942837	11.997137	41.097557
6.570055	9.266542	12.683549	41.124702
6.580056	9.625592	13.385875	41.257526
6.590056	10.017747	14.095684	41.503723
6.600056	10.440067	14.802240	41.870300
6.610056	10.888752	15.492257	42.363007
6.620057	11.358968	16.149767	42.985615
6.630057	11.844691	16.756161	43.739090
6.640057	12.338586	17.290485	44.620636
6.650057	12.831928	17.730057	45.622734
6.660058	13.314622	18.051449	46.732243
6.670058	13.775320	18.231884	47.929737
6.680058	14.201690	18.250982	49.189232
6.690058	14.580829	18.092764	50.478474
6.700058	14.899837	17.747684	51.759949
6.710059	15.146521	17.214443	52.992649
6.720059	15.310174	16.501217	54.134525
6.730059	15.382367	15.626055	55.145420
6.740059	15.357644	14.616219	55.990101
6.750060	15.234044	13.506467	56.640991
6.760060	15.013359	12.336452	57.080162
6.770060	14.701096	11.147588	57.300285
6.780060	14.306132	9.979859	57.304455
6.790061	13.840121	8.869002	57.104958
6.800061	13.316714	7.844420	56.721279
6.810061	12.750705	6.928011	56.177711
6.820061	12.157185	6.133911	55.500946
6.830061	11.550797	5.468995	54.717934
6.840062	10.945136	4.933938	53.854248
6.850062	10.352323	4.524553	52.932964
6.860062	9.782745	4.233213	51.974072
6.870062	9.244967	4.050177	50.994308
6.880063	8.745753	3.964726	50.007309
6.890063	8.290197	3.966067	49.023952
6.900063	7.881902	4.043981	48.052807
6.910063	7.523203	4.189277	47.100609
6.920063	7.215400	4.394043	46.172710
6.930064	6.958982	4.651772	45.273499
6.940064	6.753843	4.957375	44.406742
6.950064	6.599467	5.307117	43.575890
6.960064	6.495094	5.698513	42.784313
6.970065	6.439855	6.130187	42.035515
6.980065	6.432879	6.601707	41.333305
6.990065	6.473377	7.113408	40.681946
7.000065	6.560695	7.666202	40.086288
7.010066	6.694347	8.261363	39.551914
7.020066	6.874024	8.900302	39.085232
7.030066	7.099576	9.584300	38.693607
7.040066	7.370972	10.314204	38.385445
7.050066	7.688228	11.090075	38.170258
7.060067	8.051311	11.910768	38.058693
7.070067	8.460001	12.773438	38.062489
7.080067	8.913729	13.672986	38.194321
7.090067	9.411355	14.601416	38.467514
7.100068	9.950923	15.547163	38.895561
7.110068	10.529361	16.494415	39.491371
7.120068	11.142154	17.422510	40.266232
7.130068	11.782997	18.305529	41.228416
7.140069	12.443463	19.112236	42.381451
7.150069	13.112712	19.806570	43.722095
7.160069	13.777316	20.348867	45.238213
7.170069	14.421262	20.698015	46.906769
7.180069	15.026197	20.814585	48.692398
7.190070	15.572009	20.664839	50.546986
7.200070	16.037743	20.225260	52.410751
7.210070	16.402876	19.486938	54.215191
7.220070	16.648842	18.458984	55.887852
7.230071	16.760651	17.170080	57.358543
7.240071	16.728390	15.667515	58.566105
7.250071	16.548349	14.013526	59.464539
7.260071	16.223587	12.279408	60.027325
7.270072	15.763804	10.538389	60.249092
7.280072	15.184555	8.858599	60.144417
7.290072	14.505909	7.297319	59.744190
7.300072	13.750796	5.897361	59.090454
7.310072	12.943277	4.685787	58.230839
7.320073	12.106964	3.674722	57.213520
7.330073	11.263741	2.863631	56.083355
7.340073	10.432867	2.242370	54.879421
7.350073	9.630470	1.794372	53.633865
7.360074	8.869375	1.499532	52.371811
7.370074	8.159197	1.336547	51.111958
7.380074	7.506623	1.284646	49.867573
7.390074	6.915804	1.324732	48.647594
7.400074	6.388785	1.440059	47.457722
7.410075	5.925953	1.616525	46.301350
7.420075	5.526443	1.842730	45.180336
7.430075	5.188519	2.109854	44.095612
7.440075	4.909882	2.411456	43.047615
7.450076	4.687947	2.743220	42.036629
7.460076	4.520058	3.102695	41.063007
7.470076	4.403655	3.489046	40.127335
7.480076	4.336412	3.902822	39.230556
7.490077	4.316337	4.345759	38.374077
7.500077	4.341841	4.820599	37.559849
7.510077	4.411791	5.330935	36.790478
7.520077	4.525537	5.881073	36.069328
7.530077	4.682933	6.475899	35.400661
7.540078	4.884332	7.120743	34.789780
7.550078	5.130576	7.821221	34.243214
7.560078	5.422968	8.583043	33.768948
7.570078	5.763227	9.411766	33.376648
7.580079	6.153412	10.312458	33.077930
7.590079	6.595833	11.289253	32.886639
7.600079	7.092900	12.344748	32.819092
7.610079	7.646939	13.479218	32.894279
7.620080	8.259926	14.689594	33.133923
7.630080	8.933146	15.968204	33.562340
7.640080	9.666746	17.301233	34.205929
7.650080	10.459182	18.666998	35.092144
7.660080	11.306534	20.034113	36.247753
7.670081	12.201733	21.359833	37.696156
7.680081	13.133716	22.588945	39.453606
7.690081	14.086610	23.653811	41.524357
7.700081	15.039083	24.476269	43.894974
7.710082	15.964059	24.972158	46.528511
7.720082	16.829029	25.058933	49.359810
7.730082	17.597227	24.666283	52.293579
7.740082	18.229788	23.748610	55.207073
7.750082	18.688896	22.297077	57.958679
7.760083	18.941641	20.348019	60.402332
7.770083	18.963980	17.984531	62.405739
7.780083	18.744080	15.329456	63.868622
7.790083	18.284262	12.530337	64.736343
7.800084	17.601068	9.739655	65.005379
7.810084	16.723404	7.095118	64.719383
7.820084	15.689177	4.704586	63.957607
7.830084	14.541162	2.638288	62.819359
7.840085	13.322889	0.928538	61.408569
7.850085	12.075192	-0.424841	59.821587
7.860085	10.833768	-1.446048	58.139561
7.870085	9.627820	-2.174259	56.425320
7.880085	8.479648	-2.655716	54.723667
7.890086	7.404936	-2.937737	53.063763
7.900086	6.413491	-3.064767	51.462410
7.910086	5.510188	-3.076176	49.927391
7.920086	4.695979	-3.005346	48.460423
7.930087	3.968842	-2.879615	47.059464
7.940087	3.324622	-2.720726	45.720444
7.950087	2.757734	-2.545517	44.438427
7.960087	2.261727	-2.366696	43.208340
7.970088	1.829725	-2.193587	42.025414
7.980088	1.454753	-2.032829	40.885387
7.990088	1.129974	-1.888965	39.784588
8.000088	0.848850	-1.764959	38.719913
8.010088	0.605242	-1.662612	37.688786
8.020088	0.393466	-1.582907	36.689079
8.030088	0.208314	-1.526292	35.719051
8.040089	0.045045	-1.492897	34.777271
8.050089	-0.100632	-1.482713	33.862564
8.060089	-0.232599	-1.495734	32.973961
8.070089	-0.354373	-1.532070	32.110672
8.080090	-0.469156	-1.592031	31.272060
8.090090	-0.579888	-1.676207	30.457623
8.100090	-0.689300	-1.785529	29.666994
8.110090	-0.799972	-1.921323	28.899946
8.120090	-0.914385	-2.085366	28.156406
8.130091	-1.034977	-2.279935	27.436476
8.140091	-1.164199	-2.507867	26.740467
8.150091	-1.304565	-2.772613	26.068951
8.160091	-1.458712	-3.078305	25.422823
8.170092	-1.629456	-3.429828	24.803385
8.180092	-1.819848	-3.832895	24.212456
8.190092	-2.033235	-4.294126	23.652514
8.200092	-2.273326	-4.821136	23.126879
8.210093	-2.544249	-5.422610	22.639957
8.220093	-2.850623	-6.108365	22.197544
8.230093	-3.197617	-6.889385	21.807211
8.240093	-3.591008	-7.777797	21.478807
8.250093	-4.037230	-8.786762	21.225084
8.260094	-4.543397	-9.930213	21.062464
8.270094	-5.117292	-11.222371	21.011980
8.280094	-5.767291	-12.676931	21.100384
8.290094	-6.502201	-14.305755	21.361395
8.300095	-7.330956	-16.116877	21.836996
8.310095	-8.262103	-18.111584	22.578619
8.320095	-9.303011	-20.280293	23.647844
8.330095	-10.458693	-22.596994	25.116060
8.340096	-11.730132	-25.012217	27.062183
8.350096	-13.112050	-27.444845	29.567196
8.360096	-14.590082	-29.773949	32.703987
8.370096	-16.137543	-31.832966	36.521152
8.380096	-17.712210	-33.410194	41.020393
8.390097	-19.253973	-34.260845	46.129593
8.400097	-20.684635	-34.135704	51.677734
8.410097	-21.911341	-32.827919	57.382488
8.420097	-22.834797	-30.231441	62.863686
8.430098	-23.362183	-26.394159	67.691658
8.440098	-23.422659	-21.541851	71.466171
8.450098	-22.981449	-16.054071	73.904022
8.460098	-22.047863	-10.392109	74.902298
8.470098	-20.674280	-5.002801	74.551384
8.480099	-18.946363	-0.234077	73.094498
8.490099	-16.967936	3.710249	70.854759
8.500099	-14.845216	6.770374	68.160400
8.510099	-12.674280	8.998218	65.291100
8.520100	-10.533509	10.513102	62.453060
8.530100	-8.480883	11.461503	59.777931
8.540100	-6.554812	11.988591	57.335510
8.550100	-4.776989	12.222293	55.151173
8.560101	-3.155982	12.267036	53.222256
8.570101	-1.690765	12.203530	51.530876
8.580101	-0.373771	12.091573	50.052784
8.590101	0.806682	11.973909	48.762863
8.600101	1.864563	11.880047	47.638184
8.610102	2.814816	11.829537	46.659405
8.620102	3.672447	11.834594	45.811211
8.630102	4.451928	11.902064	45.082199
8.640102	5.166802	12.034863	44.464489
8.650103	5.829453	12.232973	43.953243
8.660103	6.450973	12.494102	43.546158
8.670103	7.041084	12.814099	43.242977
8.680103	7.608110	13.187163	43.045036
8.690104	8.158954	13.605924	42.954803
8.700104	8.699082	14.061417	42.975441
8.710104	9.232511	14.543010	43.110321
8.720104	9.761775	15.038303	43.362511
8.730104	10.287901	15.533065	43.734180
8.740105	10.810374	16.011234	44.225960
8.750105	11.327116	16.455053	44.836220
8.760105	11.834487	16.845381	45.560345
8.770105	12.327325	17.162233	46.389996
8.780106	12.799049	17.385584	47.312496
8.790106	13.241838	17.496429	48.310402
8.800106	13.646909	17.478088	49.361389
8.810106	14.004895	17.317633	50.438553
8.820107	14.306334	17.007317	51.511211
8.830107	14.542225	16.545822	52.546234
8.840107	14.704648	15.939084	53.509819
8.850107	14.787365	15.200545	54.369606
8.860107	14.786357	14.350690	55.096844
8.870108	14.700233	13.415861	55.668369
8.880108	14.530454	12.426455	56.068115
8.890108	14.281340	11.414722	56.287937
8.900108	13.959867	10.412473	56.327660
8.910109	13.575268	9.448956	56.194401
8.920109	13.138483	8.549199	55.901295
8.930109	12.661545	7.732926	55.465874
8.940109	12.156941	7.014119	54.908340
8.950109	11.637028	6.401139	54.249947
8.960110	11.113529	5.897312	53.511635
8.970110	10.597161	5.501778	52.713047
8.980110	10.097377	5.210488	51.871872
8.990110	9.622230	5.017198	51.003551
9.000111	9.178344	4.914372	50.121223
9.010111	8.770965	4.893949	49.235863
9.020111	8.404070	4.947936	48.356548
9.030111	8.080522	5.068849	47.490776
9.040112	7.802233	5.250001	46.644798
9.050112	7.570344	5.485674	45.823944
9.060112	7.385394	5.771184	45.032913
9.070112	7.247473	6.102877	44.276043
9.080112	7.156364	6.478067	43.557526
9.090113	7.111656	6.894933	42.881603
9.100113	7.112842	7.352382	42.252731
9.110113	7.159388	7.849889	41.675728
9.120113	7.250779	8.387315	41.155891
9.130114	7.386548	8.964695	40.699108
9.140114	7.566275	9.582007	40.311943
9.150114	7.789563	10.238905	40.001705
9.160114	8.055993	10.934412	39.776478
9.170115	8.365049	11.666577	39.645123
9.180115	8.716015	12.432085	39.617195
9.190115	9.107843	13.225816	39.702812
9.200115	9.538995	14.040380	39.912365
9.210115	10.007242	14.865636	40.256126
9.220116	10.509455	15.688219	40.743645
9.230116	11.041354	16.491169	41.382954
9.240116	11.597272	17.253695	42.179535
9.250116	12.169915	17.951214	43.135086
9.260117	12.750177	18.555767	44.246105
9.270117	13.327030	19.036943	45.502434
9.280117	13.887540	19.363403	46.885918
9.290117	14.417063	19.505039	48.369450
9.300117	14.899651	19.435701	49.916672
9.310118	15.318700	19.136267	51.482643
9.320118	15.657832	18.597668	53.015678
9.330118	15.901954	17.823376	54.460403
9.340118	16.038408	16.830799	55.761799
9.350119	16.058073	15.651147	56.869789
9.360119	15.956265	14.327550	57.743645
9.370119	15.733292	12.911602	58.355511
9.380119	15.394567	11.458804	58.692406
9.390120	14.950264	10.023657	58.756397
9.400120	14.414538	8.655194	58.563015
9.410120	13.804461	7.393615	58.138344
9.420120	13.138790	6.268358	57.515369
9.430120	12.436759	5.297664	56.730282
9.440121	11.716992	4.489388	55.819244
9.450121	10.996654	3.842660	54.815929
9.460121	10.290851	3.349968	53.749966
9.470121	9.612306	2.999315	52.646210
9.480122	8.971252	2.776167	51.524658
9.490122	8.375510	2.665057	50.400822
9.500122	7.830689	2.650810	49.286350
9.510122	7.340471	2.719376	48.189762
9.520123	6.906925	2.858359	47.117165
9.530123	6.530838	3.057280	46.072918
9.540123	6.212018	3.307664	45.060181
9.550123	5.949584	3.602996	44.081375
9.560123	5.742206	3.938602	43.138546
9.570124	5.588321	4.311480	42.233631
9.580124	5.486300	4.720113	41.368687
9.590124	5.434591	5.164277	40.546066
9.600124	5.431820	5.644848	39.768562
9.610125	5.476876	6.163615	39.039543
9.620125	5.568958	6.723097	38.363091
9.630125	5.707611	7.326351	37.744122
9.640125	5.892730	7.976772	37.188538
9.650126	6.124553	8.677868	36.703384
9.660126	6.403621	9.432993	36.296997
9.670126	6.730724	10.245028	35.979176
9.680126	7.106814	11.115974	35.761322
9.690126	7.532878	12.046464	35.656563
9.700127	8.009779	13.035135	35.679794
9.710127	8.538043	14.077883	35.847618
9.720127	9.117586	15.166963	36.178101
9.730127	9.747379	16.289968	36.690273
9.740128	10.425040	17.428732	37.403252
9.750128	11.146360	18.558245	38.334923
9.760128	11.904785	19.645754	39.500019
9.770128	12.690870	20.650305	40.907608
9.780128	13.491785	21.523050	42.557972
9.790129	14.290941	22.208704	44.439129
9.800129	15.067871	22.648535	46.523365
9.810129	15.798485	22.785099	48.764511
9.820129	16.455833	22.568630	51.096817
9.830130	17.011467	21.964499	53.436371
9.840130	17.437384	20.960558	55.685776
9.850130	17.708418	19.572796	57.742134
9.860130	17.804789	17.847557	59.507545
9.870131	17.714399	15.859164	60.900326
9.880131	17.434456	13.702775	61.864639
9.890131	16.972071	11.483645	62.376354
9.900131	16.343691	9.304991	62.443844
9.910131	15.573464	7.257005	62.103825
9.920132	14.690866	5.409078	61.413551
9.930132	13.727999	3.806214	60.441448
9.940132	12.717020	2.469461	59.258202
9.950132	11.688001	1.399322	57.929752
9.960133	10.667404	0.580776	56.512817
9.970133	9.677214	-0.011357	55.052868
9.980133	8.734632	-0.407585	53.584045
9.990133	7.852221	-0.639928	52.130314
