#t		x		y		z
0.000000	1.000000	2.000000	3.000000
0.010000	1.142890	3.007624	2.947389
0.020000	1.375673	4.186532	2.914308
0.030000	1.710371	5.626850	2.911978
0.040000	2.167064	7.432820	2.959704
0.050000	2.774820	9.730104	3.090132
0.060000	3.573235	12.673301	3.358135
0.070000	4.614548	16.453152	3.855590
0.080000	5.966149	21.301605	4.735568
0.090000	7.713058	27.489992	6.251104
0.100000	9.959266	35.309746	8.814932
0.110000	12.825455	45.013641	13.084959
0.120000	16.437845	56.676262	20.068325
0.130000	20.898348	69.908264	31.197327
0.140000	26.220421	83.359604	48.233879
0.150000	32.214699	94.070740	72.695648
0.160000	38.333393	97.161896	104.421982
0.170000	43.562778	87.051208	139.480286
0.180000	46.564129	61.177139	169.402390
0.190000	46.208286	24.069122	184.794312
0.200000	42.233566	-13.736122	182.099670
0.210000	35.414383	-42.740585	166.206635
0.220000	27.058905	-59.903648	145.801483
0.230000	18.350796	-67.639885	127.607132
0.240000	10.026902	-69.957733	114.636078
0.250000	2.405358	-69.952904	107.377563
0.260000	-4.447450	-69.205063	105.303192
0.270000	-10.558099	-68.042274	107.660599
0.280000	-15.938419	-65.962372	113.640869
0.290000	-20.527382	-62.035076	122.235359
0.300000	-24.177696	-55.332798	132.051514
0.310000	-26.687374	-45.408432	141.312637
0.320000	-27.870966	-32.678730	148.180649
0.330000	-27.645517	-18.460800	151.322205
0.340000	-26.088951	-4.543655	150.383896
0.350000	-23.437437	7.482822	146.035172
0.360000	-20.024664	16.724209	139.560211
0.370000	-16.199156	23.064404	132.305954
0.380000	-12.258766	26.926498	125.303001
0.390000	-8.419887	28.951611	119.154839
0.400000	-4.816807	29.763048	114.108330
0.410000	-1.517533	29.853966	110.182968
0.420000	1.455882	29.564224	107.283760
0.430000	4.109163	29.100880	105.274506
0.440000	6.462113	28.571390	104.015724
0.450000	8.539349	28.014956	103.379303
0.460000	10.364608	27.427526	103.250473
0.470000	11.957677	26.780657	103.524315
0.480000	13.333160	26.035706	104.101021
0.490000	14.500555	25.154819	104.882256
0.500000	15.465246	24.109484	105.769753
0.510000	16.230110	22.886829	106.666550
0.520000	16.797443	21.493416	107.480576
0.530000	17.170938	19.956133	108.129829
0.540000	17.357403	18.320021	108.547920
0.550000	17.367970	16.643389	108.688629
0.560000	17.218637	14.991083	108.528404
0.570000	16.930069	13.427197	108.066132
0.580000	16.526758	12.008563	107.320389
0.590000	16.035725	10.780064	106.324791
0.600000	15.485003	9.772263	105.122467
0.610000	14.902167	9.001320	103.760727
0.620000	14.313070	8.470676	102.286667
0.630000	13.740928	8.173822	100.744133
0.640000	13.205772	8.097459	99.172043
0.650000	12.724259	8.224507	97.603920
0.660000	12.309756	8.536627	96.068275
0.670000	11.972630	9.016079	94.589539
0.680000	11.720651	9.646916	93.189247
0.690000	11.559446	10.415557	91.887283
0.700000	11.492934	11.310822	90.703056
0.710000	11.523695	12.323525	89.656525
0.720000	11.653255	13.445685	88.769066
0.730000	11.882253	14.669381	88.064102
0.740000	12.210452	15.985291	87.567459
0.750000	12.636618	17.380909	87.307388
0.760000	13.158203	18.838474	87.314087
0.770000	13.770866	20.332666	87.618546
0.780000	14.467810	21.828245	88.250504
0.790000	15.238959	23.277925	89.235298
0.800000	16.070057	24.620975	90.589386
0.810000	16.941763	25.783253	92.314590
0.820000	17.828960	26.679556	94.391479
0.830000	18.700485	27.219145	96.772682
0.839999	19.519596	27.314968	99.377846
0.849999	20.245445	26.896292	102.092216
0.859999	20.835711	25.923122	104.771011
0.869999	21.250332	24.399410	107.250931
0.879999	21.455917	22.381083	109.368187
0.889999	21.430101	19.975349	110.980110
0.899999	21.164928	17.329775	111.985382
0.909999	20.668425	14.612790	112.337418
0.919999	19.963947	11.990330	112.047363
0.929999	19.087412	9.604500	111.176392
0.939999	18.083069	7.559173	109.820366
0.949999	16.998741	5.914629	108.091591
0.959999	15.881421	4.690466	106.102409
0.969999	14.773853	3.873996	103.953407
0.979999	13.712378	3.430905	101.727165
0.989999	12.725983	3.315524	99.486771
0.999999	11.836354	3.479178	97.277565
1.009999	11.058581	3.876058	95.130646
1.019999	10.402250	4.466794	93.066826
1.029999	9.872674	5.220161	91.100388
1.039999	9.472103	6.113502	89.242226
1.049999	9.200818	7.132303	87.502373
1.059999	9.058050	8.269284	85.891945
1.069999	9.042712	9.523196	84.424690
1.079999	9.153938	10.897426	83.118256
1.089999	9.391428	12.398409	81.995316
1.099999	9.755596	14.033775	81.084671
1.109999	10.247511	15.810075	80.422211
1.119999	10.868599	17.729914	80.051773
1.129999	11.620062	19.788279	80.025581
1.139999	12.501956	21.967854	80.403870
1.149999	13.511862	24.233263	81.253075
1.159999	14.643084	26.524464	82.641663
1.169999	15.882380	28.749996	84.632523
1.179999	17.207319	30.781727	87.270866
1.189999	18.583569	32.453735	90.567146
1.199999	19.962675	33.569141	94.476082
1.209999	21.281265	33.918797	98.875572
1.219999	22.462772	33.314018	103.552559
1.229999	23.422714	31.630766	108.205620
1.239999	24.077858	28.855268	112.472649
1.249999	24.358259	25.114590	115.985001
1.259999	24.219637	20.675230	118.436981
1.269999	23.652531	15.902617	119.648560
1.279999	22.685162	11.191250	119.597702
1.289999	21.378916	6.889386	118.410454
1.299999	19.817879	3.243883	116.315598
1.309999	18.095732	0.379224	113.584137
1.319999	16.303532	-1.691258	110.475288
1.329999	14.520765	-3.034790	107.201973
1.339999	12.810505	-3.763802	103.917664
1.349999	11.218183	-4.005936	100.719223
1.359999	9.772894	-3.883547	97.658188
1.369999	8.490064	-3.502432	94.754311
1.379999	7.374576	-2.947494	92.007698
1.389999	6.423795	-2.282705	89.408058
1.399999	5.630175	-1.553278	86.940941
1.409999	4.983374	-0.788654	84.591560
1.419999	4.471872	-0.005518	82.346817
1.429999	4.084167	0.789550	80.196213
1.439999	3.809623	1.597908	78.132126
1.449999	3.639061	2.427207	76.149796
1.459999	3.565159	3.290209	74.247253
1.469999	3.582720	4.204007	72.425278
1.479999	3.688860	5.189584	70.687553
1.489999	3.883145	6.271641	69.041084
1.499999	4.167714	7.478606	67.496864
1.509999	4.547391	8.842741	66.070984
1.519999	5.029802	10.400223	64.786217
1.529999	5.625474	12.191000	63.674267
1.539999	6.347892	14.258141	62.778763
1.549999	7.213449	16.646200	62.159214
1.559999	8.241165	19.397907	61.895981
1.569999	9.451995	22.548096	62.096096
1.579999	10.867437	26.113369	62.899315
1.589999	12.507008	30.075602	64.482704
1.599999	14.383998	34.357353	67.060356
1.609999	16.498875	38.788383	70.872101
1.619999	18.829773	43.066227	76.151711
1.629999	21.320261	46.721817	83.063499
1.639999	23.866154	49.114277	91.600494
1.649999	26.305992	49.492428	101.455971
1.659999	28.423050	47.158611	111.916733
1.669999	29.967783	41.729248	121.866760
1.679999	30.704252	33.399715	129.986588
1.689999	30.470739	23.044430	135.137405
1.699999	29.230263	12.022569	136.761414
1.709999	27.084984	1.746083	135.059784
1.719999	24.246050	-6.751864	130.841263
1.729999	20.975058	-13.022358	125.162094
1.739999	17.524899	-17.139317	118.982529
1.749999	14.100323	-19.492294	112.982712
1.759999	10.842985	-20.576942	107.541176
1.769999	7.834652	-20.857435	102.804199
1.779999	5.109348	-20.705843	98.776131
1.789999	2.667413	-20.392593	95.393417
1.799999	0.487788	-20.101004	92.572708
1.809999	-1.462666	-19.948334	90.237045
1.819999	-3.222691	-20.004992	88.327538
1.829999	-4.832386	-20.309065	86.806816
1.839999	-6.330502	-20.876028	85.658539
1.849999	-7.752722	-21.704344	84.885185
1.859999	-9.130470	-22.777802	84.505219
1.869999	-10.489927	-24.065306	84.549866
1.879999	-11.851023	-25.518749	85.059082
1.889999	-13.226254	-27.069628	86.076202
1.899999	-14.619273	-28.625336	87.640381
1.909999	-16.023289	-30.066574	89.776207
1.919999	-17.419518	-31.247919	92.480324
1.929999	-18.776085	-32.004128	95.705978
1.939999	-20.048016	-32.164658	99.348312
1.949998	-21.179060	-31.577499	103.235138
1.959998	-22.105997	-30.140280	107.129356
1.969998	-22.765594	-27.832130	110.748352
1.979998	-23.103561	-24.735785	113.801071
1.989998	-23.083820	-21.039097	116.036255
1.999998	-22.695793	-17.010521	117.288185
2.009999	-21.957546	-12.953131	117.504616
2.019999	-20.913754	-9.151072	116.747353
2.029999	-19.629097	-5.825275	115.166870
2.039999	-18.179031	-3.110107	112.962105
2.049999	-16.640335	-1.052992	110.339630
2.059999	-15.083420	0.369048	107.483063
2.069999	-13.567371	1.225336	104.536766
2.079998	-12.137783	1.608017	101.602318
2.089998	-10.826806	1.613649	98.743324
2.099998	-9.654638	1.331238	95.994095
2.109998	-8.631724	0.835917	93.368805
2.119998	-7.761138	0.186709	90.869377
2.129998	-7.040818	-0.573212	88.491409
2.139998	-6.465499	-1.414984	86.228271
2.149998	-6.028280	-2.322047	84.073685
2.159998	-5.721856	-3.288134	82.023254
2.169998	-5.539443	-4.315485	80.075394
2.179998	-5.475469	-5.413375	78.231888
2.189998	-5.526063	-6.596945	76.498451
2.199998	-5.689415	-7.886289	74.885323
2.209998	-5.966001	-9.305681	73.408165
2.219998	-6.358739	-10.882827	72.089264
2.229998	-6.873034	-12.647921	70.959206
2.239998	-7.516716	-14.632255	70.059059
2.249998	-8.299814	-16.865973	69.443047
2.259998	-9.234079	-19.374437	69.181694
2.269998	-10.332102	-22.172476	69.365051
2.279998	-11.605836	-25.255610	70.105225
2.289998	-13.064242	-28.587360	71.536781
2.299998	-14.709733	-32.082096	73.812408
2.309998	-16.533125	-35.584126	77.089859
2.319998	-18.507030	-38.846554	81.505203
2.329998	-20.578159	-41.518131	87.127693
2.339998	-22.660055	-43.152527	93.896309
2.349998	-24.629236	-43.258514	101.549171
2.359998	-26.329056	-41.404072	109.574654
2.369998	-27.585445	-37.364063	117.227844
2.379998	-28.235458	-31.261784	123.648460
2.389998	-28.163044	-23.624552	128.070404
2.399998	-27.329821	-15.292331	130.045059
2.409998	-25.787426	-7.196690	129.566330
2.419998	-23.665337	-0.111668	127.031754
2.429998	-21.139690	5.507109	123.071869
2.439998	-18.396414	9.544979	118.347130
2.449998	-15.601302	12.145136	113.401268
2.459998	-12.883146	13.588947	108.602097
2.469998	-10.329290	14.194061	104.150940
2.479998	-7.989485	14.251451	100.125137
2.489998	-5.883555	13.998150	96.525391
2.499998	-4.009711	13.613235	93.313843
2.509998	-2.351815	13.225255	90.439529
2.519998	-0.885027	12.923382	87.853004
2.529998	0.420155	12.768257	85.513527
2.539998	1.595190	12.801001	83.391823
2.549998	2.671796	13.050068	81.470566
2.559998	3.680975	13.536162	79.744049
2.569998	4.652511	14.275510	78.217735
2.579998	5.614761	15.281749	76.908165
2.589998	6.594590	16.566544	75.843384
2.599998	7.617295	18.138893	75.063881
2.609998	8.706413	20.002939	74.623901
2.619998	9.883245	22.153946	74.592789
2.629998	11.165941	24.572039	75.055733
2.639998	12.567955	27.213316	76.112801
2.649998	14.095657	29.998278	77.874565
2.659998	15.744986	32.798367	80.451897
2.669998	17.497120	35.423103	83.937096
2.679998	19.313576	37.612915	88.374130
2.689998	21.131678	39.045937	93.718369
2.699998	22.862202	39.368912	99.792458
2.709998	24.391676	38.259464	106.253876
2.719998	25.591806	35.515560	112.597801
2.729998	26.336954	31.148199	118.216812
2.739998	26.527256	25.435490	122.519104
2.749998	26.111113	18.898199	125.072350
2.759998	25.098913	12.189276	125.713753
2.769998	23.562248	5.937279	124.574799
2.779998	21.618769	0.610123	122.012878
2.789998	19.408705	-3.550534	118.489624
2.799998	17.071253	-6.517021	114.452866
2.809998	14.727054	-8.414049	110.260765
2.819998	12.469037	-9.445201	106.155663
2.829998	10.360608	-9.833181	102.273872
2.839998	8.438606	-9.782702	98.672150
2.849998	6.718501	-9.463546	95.356369
2.859998	5.199995	-9.007133	92.304947
2.869998	3.872034	-8.510252	89.485039
2.879998	2.716817	-8.041574	86.862320
2.889998	1.712788	-7.648491	84.406082
2.899998	0.836706	-7.363185	82.091370
2.909998	0.065014	-7.207613	79.899414
2.919998	-0.625362	-7.197420	77.817314
2.929998	-1.256609	-7.344963	75.837471
2.939998	-1.849916	-7.661638	73.957085
2.949998	-2.425568	-8.159659	72.177917
2.959998	-3.003175	-8.853436	70.506401
2.969998	-3.602006	-9.760592	68.954185
2.979998	-4.241354	-10.902662	67.539154
2.989998	-4.940931	-12.305399	66.287048
2.999998	-5.721222	-13.998537	65.233818
3.009998	-6.603743	-16.014719	64.428711
3.019998	-7.611122	-18.387089	63.938328
3.029998	-8.766839	-21.144772	63.851433
3.039998	-10.094421	-24.305128	64.284233
3.049998	-11.615758	-27.861279	65.385010
3.059998	-13.348094	-31.763237	67.335800
3.069998	-15.299152	-35.891502	70.346909
3.079998	-17.459864	-40.024021	74.637390
3.089998	-19.794537	-43.802528	80.392334
3.099998	-22.229294	-46.713482	87.688759
3.109998	-24.641560	-48.110649	96.391327
3.119998	-26.856087	-47.312786	106.042717
3.129997	-28.655153	-43.793430	115.808342
3.139997	-29.809090	-37.424919	124.556152
3.149997	-30.125313	-28.661518	131.114685
3.159997	-29.501152	-18.518341	134.638962
3.169997	-27.957054	-8.296119	134.898788
3.179997	-25.632610	0.823586	132.316086
3.189997	-22.747210	8.093217	127.741219
3.199997	-19.545071	13.286451	122.123924
3.209997	-16.247618	16.585085	116.256157
3.219997	-13.025949	18.387148	110.663589
3.229997	-9.993508	19.141134	105.618973
3.239997	-7.212068	19.247522	101.212540
3.249997	-4.703446	19.020676	97.428230
3.259997	-2.461770	18.687609	94.202217
3.269997	-0.463767	18.402803	91.459633
3.279997	1.323555	18.266520	89.134071
3.289997	2.937634	18.340851	87.176056
3.299997	4.416909	18.661772	85.555435
3.309997	5.798663	19.247215	84.260887
3.319997	7.117667	20.101768	83.298393
3.329997	8.405261	21.218599	82.689423
3.339997	9.688591	22.579075	82.468979
3.349997	10.989790	24.150425	82.683258
3.359997	12.324925	25.881754	83.386230
3.369997	13.702612	27.698935	84.634338
3.379997	15.122249	29.499327	86.478203
3.389997	16.571980	31.148006	88.950508
3.399997	18.026663	32.478073	92.049820
3.409997	19.446396	33.298412	95.721573
3.419997	20.776411	33.412159	99.839958
3.429997	21.949333	32.647202	104.197174
3.439997	22.890604	30.895689	108.508316
3.449997	23.527225	28.153181	112.438606
3.459997	23.798820	24.543076	115.652878
3.469997	23.668648	20.312450	117.876869
3.479997	23.131550	15.794320	118.951057
3.489997	22.216236	11.345575	118.857407
3.499997	20.981089	7.281137	117.709663
3.509997	19.504812	3.825833	115.713501
3.519997	17.874784	1.095702	113.113586
3.529997	16.176136	-0.892879	110.146042
3.539997	14.483663	-2.196963	107.007362
3.549997	12.857324	-2.916067	103.841774
3.559997	11.340964	-3.165332	100.742790
3.569997	9.963339	-3.056679	97.762512
3.579997	8.740435	-2.688019	94.923393
3.589997	7.678280	-2.138689	92.229057
3.599997	6.775711	-1.468909	89.672791
3.609997	6.026807	-0.721397	87.243416
3.619997	5.422894	0.076130	84.929001
3.629997	4.954101	0.908331	82.718948
3.639997	4.610542	1.769862	80.605042
3.649997	4.383162	2.663412	78.581917
3.659997	4.264350	3.598189	76.647217
3.669997	4.248367	4.588815	74.801750
3.679997	4.331640	5.654583	73.049683
3.689997	4.512978	6.818995	71.399002
3.699997	4.793734	8.109488	69.862259
3.709997	5.177923	9.557238	68.457687
3.719997	5.672319	11.196895	67.210869
3.729997	6.286494	13.066010	66.156952
3.739997	7.032776	15.203829	65.343643
3.749997	7.926052	17.648945	64.834969
3.759997	8.983269	20.435061	64.715767
3.769997	10.222457	23.583809	65.096558
3.779997	11.660963	27.093266	66.117790
3.789997	13.312487	30.920639	67.951378
3.799997	15.182422	34.958069	70.795753
3.809997	17.261026	39.002338	74.858208
3.819997	19.514246	42.723747	80.316360
3.829997	21.872911	45.647491	87.251190
3.839997	24.222719	47.171478	95.552071
3.849997	26.399876	46.650791	104.814560
3.859997	28.199255	43.566345	114.282532
3.869997	29.401026	37.748863	122.907486
3.879997	29.814985	29.560226	129.570312
3.889997	29.330420	19.900913	133.414749
3.899997	27.950459	9.982789	134.133072
3.909997	25.793417	0.960579	132.037354
3.919997	23.060045	-6.382352	127.882645
3.929997	19.983011	-11.750181	122.567017
3.939997	16.780121	-15.255219	116.875069
3.949997	13.624939	-17.245842	111.352631
3.959997	10.636715	-18.144381	106.301636
3.969997	7.884036	-18.343153	101.838623
3.979997	5.395100	-18.158894	97.966331
3.989997	3.169313	-17.825663	94.632027
3.999997	1.187438	-17.506203	91.765854
4.009997	-0.580647	-17.308666	89.302231
4.019997	-2.170493	-17.302250	87.189835
4.029997	-3.619480	-17.529463	85.395020
4.039998	-4.964544	-18.014721	83.902039
4.049998	-6.240786	-18.769730	82.711990
4.059998	-7.480582	-19.796194	81.841492
4.069998	-8.712933	-21.086258	81.321388
4.079998	-9.962812	-22.620943	81.195381
4.089999	-11.250344	-24.366751	81.518143
4.099999	-12.589648	-26.270618	82.352112
4.109999	-13.987255	-28.253725	83.761978
4.119999	-15.440068	-30.205154	85.805618
4.130000	-16.932978	-31.977350	88.520424
4.140000	-18.436481	-33.386433	91.904762
4.150000	-19.904953	-34.221378	95.896118
4.160000	-21.276543	-34.265938	100.350410
4.170001	-22.475866	-33.334763	105.030487
4.180001	-23.420427	-31.319561	109.613785
4.190001	-24.030851	-28.233421	113.726707
4.200001	-24.243567	-24.235638	117.004517
4.210001	-24.023016	-19.621172	119.162476
4.220002	-23.369780	-14.771046	120.054161
4.230002	-22.321806	-10.077642	119.694672
4.240002	-20.948263	-5.871002	118.240776
4.250002	-19.338028	-2.370361	115.939156
4.260003	-17.586372	0.328593	113.064789
4.270003	-15.783258	2.236239	109.870193
4.280003	-14.005302	3.435586	106.555870
4.290003	-12.311864	4.047072	103.261635
4.300004	-10.744558	4.200370	100.072319
4.310004	-9.329032	4.016109	97.030273
4.320004	-8.077857	3.596487	94.149002
4.330004	-6.993716	3.022240	91.424812
4.340004	-6.072369	2.353373	88.845375
4.350005	-5.305173	1.631702	86.395363
4.360005	-4.681083	0.883969	84.059746
4.370005	-4.188167	0.124841	81.825500
4.380005	-3.814708	-0.640493	79.682289
4.390006	-3.549984	-1.414256	77.622604
4.400006	-3.384799	-2.204517	75.641670
4.410006	-3.311836	-3.024088	73.737305
4.420006	-3.325893	-3.889815	71.909859
4.430007	-3.424043	-4.822197	70.162315
4.440007	-3.605763	-5.845275	68.500633
4.450007	-3.873040	-6.986708	66.934349
4.460007	-4.230485	-8.277977	65.477592
4.470007	-4.685462	-9.754597	64.150513
4.480008	-5.248214	-11.456181	62.981342
4.490008	-5.931963	-13.426117	62.009205
4.500008	-6.752947	-15.710448	61.287872
4.510008	-7.730273	-18.355333	60.890594
4.520009	-8.885440	-21.402126	60.915993
4.530009	-10.241274	-24.878653	61.494640
4.540009	-11.819865	-28.784765	62.795101
4.550009	-13.638967	-33.069973	65.026680
4.560009	-15.706146	-37.601460	68.433578
4.570010	-18.010004	-42.123417	73.271622
4.580010	-20.508204	-46.215302	79.755569
4.590010	-23.113354	-49.269051	87.966148
4.600010	-25.680408	-50.521362	97.718979
4.610011	-28.002804	-49.184975	108.430756
4.620011	-29.827244	-44.696922	119.065376
4.630011	-30.894278	-37.021572	128.265625
4.640011	-31.000103	-26.844105	134.709869
4.650012	-30.057884	-15.475242	137.568375
4.660012	-28.128433	-4.447590	136.799973
4.670012	-25.402647	4.983914	133.099609
4.680012	-22.145329	12.155917	127.553337
4.690012	-18.629114	17.008049	121.237823
4.700013	-15.084909	19.886158	114.964828
4.710013	-11.678924	21.303965	109.215355
4.720013	-8.511891	21.770311	104.197319
4.730013	-5.630495	21.704395	99.943092
4.740014	-3.042416	21.415075	96.395966
4.750014	-0.730124	21.112795	93.468773
4.760014	1.338405	20.931959	91.076797
4.770014	3.202155	20.952530	89.152985
4.780015	4.902070	21.216751	87.652893
4.790015	6.477872	21.740465	86.554474
4.800015	7.966020	22.519773	85.855583
4.810015	9.398308	23.534039	85.570511
4.820015	10.800751	24.746147	85.725952
4.830016	12.192497	26.100855	86.356079
4.840016	13.584631	27.522091	87.496193
4.850016	14.978825	28.910349	89.174271
4.860016	16.365942	30.141781	91.400017
4.870017	17.724842	31.071047	94.151627
4.880017	19.021860	31.540226	97.361816
4.890017	20.211542	31.395552	100.906258
4.900017	21.239292	30.511887	104.599236
4.910017	22.046356	28.821547	108.201782
4.920018	22.576996	26.340240	111.445541
4.930018	22.786924	23.180470	114.070656
4.940018	22.651255	19.544289	115.869362
4.950018	22.169909	15.693741	116.722321
4.960019	21.368862	11.906098	116.615616
4.970019	20.296837	8.427533	115.633156
4.980019	19.018379	5.438868	113.928902
4.990019	17.605267	3.041005	111.689865
5.000020	16.128307	1.259458	109.101768
5.010020	14.651022	0.061487	106.325157
5.020020	13.225831	-0.622166	103.483940
5.030020	11.892638	-0.877218	100.664268
5.040020	10.679233	-0.790696	97.919754
5.050021	9.602821	-0.441328	95.279388
5.060021	8.672098	0.105356	92.755486
5.070021	7.889404	0.798624	90.350388
5.080021	7.252733	1.602131	88.061523
5.090022	6.757454	2.492499	85.884834
5.100022	6.397707	3.457543	83.817055
5.110022	6.167498	4.494493	81.857101
5.120022	6.061530	5.608421	80.007004
5.130023	6.075819	6.810897	78.272636
5.140023	6.208129	8.118867	76.664421
5.150023	6.458269	9.553663	75.198242
5.160023	6.828267	11.140018	73.896606
5.170023	7.322433	12.904888	72.790215
5.180024	7.947276	14.875821	71.919914
5.190024	8.711238	17.078491	71.339096
5.200024	9.624166	19.532911	71.116341
5.210024	10.696378	22.247656	71.337944
5.220025	11.937139	25.211380	72.109543
5.230025	13.352325	28.380936	73.555336
5.240025	14.940996	31.665915	75.812553
5.250025	16.690685	34.910690	79.017693
5.260026	18.571449	37.877666	83.280426
5.270026	20.529230	40.239445	88.642075
5.280026	22.480042	41.592453	95.020218
5.290026	24.307631	41.506588	102.150871
5.300026	25.868235	39.619091	109.553802
5.310027	27.005566	35.760105	116.556267
5.320027	27.576204	30.066313	122.400841
5.330027	27.480198	23.018526	126.424156
5.340027	26.686609	15.358335	128.240723
5.350028	25.243294	7.901819	127.843330
5.360028	23.266232	1.332385	125.570030
5.370028	20.913036	-3.935194	121.963791
5.380028	18.351433	-7.778677	117.603249
5.390028	15.733076	-10.303855	112.976204
5.400029	13.178093	-11.745867	108.423645
5.410029	10.770213	-12.381360	104.142036
5.420029	8.559307	-12.471207	100.216042
5.430029	6.567635	-12.233223	96.658020
5.440030	4.797010	-11.835650	93.441399
5.450030	3.235299	-11.401711	90.523926
5.460030	1.861622	-11.018417	87.861671
5.470030	0.650181	-10.745839	85.416283
5.480031	-0.427116	-10.625199	83.158066
5.490031	-1.398966	-10.685322	81.066757
5.500031	-2.293678	-10.947515	79.131271
5.510031	-3.138685	-11.429137	77.349266
5.520031	-3.960369	-12.146071	75.726898
5.530032	-4.784112	-13.114296	74.279022
5.540032	-5.634437	-14.350591	73.029976
5.550032	-6.535161	-15.872317	72.014992
5.560032	-7.509471	-17.696074	71.282181
5.570033	-8.579778	-19.834839	70.895058
5.580033	-9.767233	-22.293074	70.935135
5.590033	-11.090691	-25.059055	71.504082
5.600033	-12.564877	-28.093718	72.723991
5.610034	-14.197478	-31.315550	74.733665
5.620034	-15.984902	-34.582142	77.677567
5.630034	-17.906618	-37.671196	81.683083
5.640034	-19.918457	-40.267693	86.822128
5.650034	-21.946083	-41.969101	93.056442
5.660035	-23.881096	-42.324295	100.174873
5.670035	-25.583385	-40.918648	107.745186
5.680035	-26.893517	-37.500420	115.116707
5.690035	-27.656601	-32.111610	121.507767
5.700036	-27.753948	-25.157442	126.178864
5.710036	-27.132740	-17.354635	128.635742
5.720036	-25.821692	-9.556353	128.767639
5.730036	-23.925373	-2.527613	126.849464
5.740036	-21.599617	3.224954	123.414482
5.750037	-19.018484	7.507139	119.073616
5.760037	-16.344654	10.385695	114.365875
5.770037	-13.710437	12.086598	109.682045
5.780037	-11.210436	12.896472	105.256149
5.790038	-8.902937	13.094540	101.196022
5.800038	-6.815974	12.918015	97.525398
5.810038	-4.954846	12.551910	94.221283
5.820038	-3.309160	12.132463	91.240700
5.830039	-1.858548	11.756113	88.537140
5.840039	-0.576923	11.489461	86.069351
5.850039	0.564576	11.378084	83.805161
5.860039	1.595679	11.453603	81.722610
5.870039	2.545839	11.738995	79.809837
5.880040	3.443638	12.252430	78.064644
5.890040	4.316541	13.009870	76.494225
5.900040	5.190879	14.026616	75.115364
5.910040	6.091929	15.317861	73.955177
5.920041	7.043986	16.898161	73.052467
5.930041	8.070318	18.779613	72.459602
5.940041	9.192879	20.968332	72.244667
5.950041	10.431602	23.458704	72.493477
5.960042	11.803090	26.224787	73.310501
5.970042	13.318440	29.208355	74.817123
5.980042	14.979988	32.303669	77.144829
5.990042	16.776793	35.340469	80.419876
6.000042	18.679012	38.069317	84.735756
6.010043	20.631832	40.157440	90.111176
6.020043	22.550579	41.207302	96.436516
6.030043	24.319704	40.810917	103.421822
6.040043	25.799034	38.644768	110.572151
6.050044	26.839863	34.588806	117.222809
6.060044	27.310286	28.824736	122.653610
6.070044	27.124035	21.854553	126.261765
6.080044	26.262882	14.405323	127.726837
6.090044	24.783167	7.246912	127.088211
6.100045	22.803326	1.003034	124.698128
6.110045	20.477745	-3.963589	121.083221
6.120045	17.967209	-7.562286	116.788422
6.130045	15.415170	-9.908648	112.265366
6.140046	12.934214	-11.232046	107.826164
6.150046	10.602221	-11.795768	103.648834
6.160046	8.465153	-11.845805	99.808838
6.170046	6.543074	-11.586897	96.315720
6.180047	4.836918	-11.177150	93.143646
6.190047	3.334580	-10.732519	90.252609
6.200047	2.015781	-10.335049	87.601166
6.210047	0.855651	-10.041497	85.153015
6.220047	-0.172801	-9.890887	82.879807
6.230048	-1.097104	-9.910560	80.761780
6.240048	-1.944396	-10.120810	78.787506
6.250048	-2.740967	-10.538325	76.953445
6.260048	-3.512121	-11.178658	75.263641
6.270049	-4.282251	-12.057891	73.729874
6.280049	-5.075023	-13.193572	72.372337
6.290049	-5.913604	-14.604895	71.220947
6.300049	-6.820837	-16.311949	70.317299
6.310050	-7.819270	-18.333742	69.717209
6.320050	-8.930923	-20.684494	69.493752
6.330050	-10.176603	-23.367495	69.740326
6.340050	-11.574559	-26.365664	70.572823
6.350050	-13.138159	-29.627972	72.129295
6.360051	-14.872284	-33.051373	74.564224
6.370051	-16.768167	-36.459377	78.033188
6.380051	-18.796673	-39.581573	82.662743
6.390051	-20.900671	-42.043488	88.501534
6.400052	-22.988277	-43.382339	95.454102
6.410052	-24.930258	-43.107113	103.211784
6.420052	-26.566019	-40.812943	111.213104
6.430052	-27.722008	-36.332565	118.678215
6.440053	-28.242382	-29.867331	124.747543
6.450053	-28.024908	-22.016815	128.701904
6.460053	-27.049053	-13.657607	130.174728
6.470053	-25.383663	-5.707229	129.247208
6.480053	-23.170303	1.115356	126.377998
6.490054	-20.589865	6.424391	122.217880
6.500054	-17.826286	10.164627	117.412560
6.510054	-15.038974	12.515664	112.472809
6.520054	-12.348606	13.772670	107.731255
6.530055	-9.834689	14.251552	103.361031
6.540055	-7.540475	14.233796	99.420906
6.550055	-5.480948	13.944817	95.901489
6.560055	-3.651019	13.552980	92.760818
6.570055	-2.032484	13.178226	89.947426
6.580056	-0.599343	12.903351	87.413254
6.590056	0.678443	12.784563	85.119759
6.600056	1.832476	12.860052	83.040070
6.610056	2.894379	13.156436	81.159256
6.620057	3.894931	13.693321	79.473915
6.630057	4.863635	14.486284	77.991760
6.640057	5.828544	15.548494	76.731659
6.650057	6.816196	16.891064	75.724121
6.660058	7.851531	18.522066	75.012352
6.670058	8.957638	20.443993	74.653564
6.680058	10.155205	22.649307	74.720253
6.690058	11.461487	25.113668	75.300652
6.700058	12.888595	27.786499	76.497185
6.710059	14.440928	30.578964	78.421028
6.720059	16.111616	33.350464	81.180336
6.730059	17.878048	35.896553	84.859230
6.740059	19.696974	37.944103	89.485748
6.750060	21.500303	39.162430	94.990204
6.760060	23.193550	39.200420	101.162254
6.770060	24.659483	37.755173	107.624199
6.780060	25.769234	34.664238	113.844589
6.790061	26.401222	29.993246	119.210968
6.800061	26.464626	24.075537	123.156647
6.810061	25.920530	17.468668	125.301636
6.820061	24.792812	10.830280	125.547127
6.830061	23.164091	4.761336	124.079323
6.840062	21.158302	-0.317254	121.285980
6.850062	18.916674	-4.212628	117.631927
6.860062	16.575134	-6.934566	113.548508
6.870062	14.248585	-8.629013	109.368820
6.880063	12.023465	-9.506443	105.310661
6.890063	9.957150	-9.786922	101.491127
6.900063	8.081539	-9.667795	97.954247
6.910063	6.408415	-9.310152	94.698753
6.920063	4.934957	-8.837312	91.699921
6.930064	3.648530	-8.339354	88.924248
6.940064	2.530470	-7.879780	86.338058
6.950064	1.558859	-7.502211	83.911858
6.960064	0.710434	-7.236203	81.622017
6.970065	-0.038178	-7.101977	79.451012
6.980065	-0.709757	-7.114118	77.387001
6.990065	-1.326145	-7.284430	75.423248
7.000065	-1.908187	-7.624130	73.557686
7.010066	-2.475851	-8.145545	71.792679
7.020066	-3.048488	-8.863405	70.135239
7.030066	-3.645166	-9.795823	68.597580
7.040066	-4.285051	-10.964943	67.198242
7.050066	-4.987803	-12.397208	65.963799
7.060067	-5.773924	-14.123068	64.931252
7.070067	-6.665017	-16.175821	64.151283
7.080067	-7.683838	-18.589073	63.692390
7.090067	-8.854012	-21.391985	63.645855
7.100068	-10.199163	-24.601164	64.131104
7.110068	-11.741139	-28.207630	65.300308
7.120068	-13.496851	-32.157181	67.339836
7.130068	-15.473178	-36.323021	70.463966
7.140069	-17.659407	-40.471848	74.893745
7.150069	-20.017084	-44.230026	80.811569
7.160069	-22.468225	-47.066200	88.283333
7.170069	-24.884914	-48.318817	97.150681
7.180069	-27.086073	-47.302574	106.921165
7.190070	-28.849285	-43.508297	116.719940
7.200070	-29.943541	-36.851433	125.385323
7.210070	-30.180084	-27.846016	131.745316
7.220070	-29.465294	-17.560379	134.991486
7.230071	-27.831516	-7.317691	134.954895
7.240071	-25.429350	1.716717	132.117035
7.250071	-22.485195	8.837280	127.363701
7.260071	-19.245272	13.863556	121.650436
7.270072	-15.928946	17.011194	115.754463
7.280072	-12.703042	18.695475	110.179337
7.290072	-9.676173	19.368883	105.177704
7.300072	-6.905771	19.428312	100.825569
7.310072	-4.410242	19.181612	97.098671
7.320073	-2.181264	18.849075	93.929527
7.330073	-0.193953	18.579426	91.242500
7.340073	1.585656	18.468376	88.972046
7.350073	3.195499	18.574507	87.070358
7.360074	4.674171	18.930996	85.509262
7.370074	6.058847	19.553331	84.279526
7.380074	7.383973	20.443670	83.389130
7.390074	8.680348	21.592434	82.861336
7.400074	9.974345	22.977646	82.732567
7.410075	11.287035	24.562332	83.049751
7.420075	12.633080	26.290392	83.866440
7.430075	14.019276	28.081541	85.236870
7.440075	15.442762	29.826426	87.206871
7.450076	16.889008	31.383780	89.800941
7.460076	18.329924	32.582340	93.005569
7.470076	19.722712	33.230865	96.750504
7.480076	21.010281	33.139130	100.892258
7.490077	22.124197	32.150303	105.206810
7.500077	22.990818	30.180334	109.399345
7.510077	23.540539	27.253855	113.136429
7.520077	23.718821	23.522198	116.098228
7.530077	23.496492	19.251484	118.038223
7.540078	22.876375	14.779087	118.830788
7.550078	21.894037	10.450480	118.489296
7.560078	20.612370	6.557576	117.149010
7.570078	19.111700	3.297834	115.023888
7.580079	17.478348	0.762562	112.355003
7.590079	15.794449	-1.049625	109.367210
7.600079	14.130795	-2.205430	106.242836
7.610079	12.543152	-2.807088	103.112747
7.620080	11.071560	-2.967719	100.059814
7.630080	9.741664	-2.794641	97.128807
7.640080	8.567131	-2.380216	94.337784
7.650080	7.552420	-1.798316	91.688225
7.660080	6.695441	-1.104278	89.172798
7.670081	5.989865	-0.336698	86.780640
7.680081	5.427002	0.480094	84.500633
7.690081	4.997262	1.333513	82.323250
7.700081	4.691246	2.220477	80.241470
7.710082	4.500539	3.145591	78.251183
7.720082	4.418279	4.119742	76.351418
7.730082	4.439557	5.159093	74.544510
7.740082	4.561693	6.284405	72.836449
7.750082	4.784443	7.520597	71.237442
7.760083	5.110148	8.896452	69.762856
7.770083	5.543839	10.444331	68.434547
7.780083	6.093303	12.199703	67.282776
7.790083	6.769080	14.200224	66.348740
7.800084	7.584326	16.483936	65.687866
7.810084	8.554460	19.085999	65.373840
7.820084	9.696424	22.033056	65.503113
7.830084	11.027322	25.334080	66.199333
7.840085	12.562078	28.966274	67.616127
7.850085	14.309698	32.854801	69.935410
7.860085	16.267635	36.846123	73.356400
7.870085	18.413937	40.677811	78.068291
7.880085	20.697428	43.953701	84.198792
7.890086	23.027414	46.142513	91.734528
7.900086	25.266439	46.626835	100.422997
7.910086	27.231911	44.827305	109.690994
7.920086	28.713097	40.398640	118.642021
7.930087	29.506392	33.435436	126.194534
7.940087	29.462597	24.570511	131.361862
7.950087	28.529371	14.864161	133.567245
7.960087	26.769003	5.499672	132.823944
7.970088	24.341991	-2.563325	129.676407
7.980088	21.464653	-8.801386	124.953743
7.990088	18.360334	-13.137503	119.489189
8.000088	15.221949	-15.809203	113.933769
8.010088	12.193119	-17.200855	108.697433
8.020088	9.365609	-17.713785	103.979584
8.030088	6.786525	-17.695139	99.834724
8.040089	4.469172	-17.413883	96.236198
8.050089	2.403715	-17.063841	93.122894
8.060089	0.565885	-16.777748	90.427872
8.070089	-1.076599	-16.643112	88.093262
8.080090	-2.559650	-16.715816	86.076630
8.090090	-3.919978	-17.030355	84.352676
8.100090	-5.193340	-17.606777	82.912849
8.110090	-6.413478	-18.454845	81.764320
8.120090	-7.611437	-19.575869	80.928917
8.130091	-8.815020	-20.962475	80.442200
8.140091	-10.048185	-22.596504	80.352493
8.150091	-11.330211	-24.445065	80.719307
8.160091	-12.674471	-26.454884	81.610336
8.170092	-14.086739	-28.545422	83.095917
8.180092	-15.562962	-30.601746	85.239594
8.190092	-17.086641	-32.469276	88.083565
8.200092	-18.626188	-33.953724	91.628647
8.210093	-20.132946	-34.830719	95.810371
8.220093	-21.540979	-34.869564	100.476158
8.230093	-22.769913	-33.872803	105.372543
8.240093	-23.731880	-31.727013	110.153694
8.250093	-24.342678	-28.451370	114.419769
8.260094	-24.535564	-24.223989	117.783463
8.270094	-24.274418	-19.368361	119.948219
8.280094	-23.562210	-14.296574	120.770706
8.290094	-22.441788	-9.426161	120.282928
8.300095	-20.988598	-5.100456	118.666611
8.310095	-19.297821	-1.538945	116.193855
8.320095	-17.469944	1.172414	113.159622
8.330095	-15.598436	3.058733	109.828377
8.340096	-13.761634	4.218226	106.404984
8.350096	-12.019105	4.784162	103.028191
8.360096	-10.411597	4.895595	99.778763
8.370096	-8.963244	4.679219	96.693954
8.380096	-7.684804	4.240695	93.782349
8.390097	-6.577077	3.662464	91.036064
8.400097	-5.634016	3.005216	88.439468
8.410097	-4.845303	2.310987	85.974724
8.420097	-4.198362	1.606656	83.624893
8.430098	-3.679854	0.907206	81.375443
8.440098	-3.276748	0.218476	79.214699
8.450098	-2.977048	-0.460664	77.133850
8.460098	-2.770276	-1.136675	75.126640
8.470098	-2.647776	-1.820184	73.189102
8.480099	-2.602895	-2.525239	71.319290
8.490099	-2.631100	-3.268883	69.517181
8.500099	-2.730048	-4.071035	67.784721
8.510099	-2.899658	-4.954586	66.126083
8.520100	-3.142189	-5.945692	64.548149
8.530100	-3.462349	-7.074209	63.061325
8.540100	-3.867441	-8.374197	61.680725
8.550100	-4.367535	-9.884405	60.427895
8.560101	-4.975672	-11.648567	59.333225
8.570101	-5.708049	-13.715239	58.439281
8.580101	-6.584141	-16.136721	57.805283
8.590101	-7.626622	-18.966303	57.512974
8.600101	-8.860920	-22.252647	57.673904
8.610102	-10.314055	-26.029499	58.437756
8.620102	-12.012300	-30.298218	60.000210
8.630102	-13.976914	-35.000137	62.606934
8.640102	-16.217079	-39.976398	66.546669
8.650103	-18.719070	-44.916363	72.121651
8.660103	-21.431385	-49.305096	79.578987
8.670103	-24.247271	-52.398033	88.988731
8.680103	-26.989805	-53.273361	100.074219
8.690104	-29.409595	-51.020439	112.049484
8.700104	-31.208120	-45.076782	123.584381
8.710104	-32.094257	-35.603138	133.034653
8.720104	-31.863321	-23.654236	138.949615
8.730104	-30.465578	-10.936011	140.628632
8.740105	-28.026421	0.784847	138.369995
8.750105	-24.805538	10.266877	133.248749
8.760105	-21.118843	17.045158	126.611816
8.770105	-17.262825	21.309408	119.625237
8.780106	-13.468093	23.604761	113.062531
8.790106	-9.885707	24.558781	107.312187
8.800106	-6.595571	24.721415	102.489433
8.810106	-3.623997	24.507912	98.558037
8.820107	-0.961802	24.201702	95.420242
8.830107	1.420953	23.980551	92.969864
8.840107	3.564347	23.945396	91.117760
8.850107	5.511503	24.143618	89.800682
8.860107	7.304033	24.585026	88.981346
8.870108	8.979115	25.251522	88.644424
8.880108	10.567531	26.102045	88.790619
8.890108	12.092199	27.074457	89.429543
8.900108	13.566943	28.085941	90.571480
8.910109	14.995403	29.033525	92.217781
8.920109	16.370184	29.796453	94.349968
8.930109	17.672466	30.242241	96.918373
8.940109	18.872480	30.237885	99.832092
8.950109	19.931267	29.666695	102.953339
8.960110	20.804098	28.449223	106.099701
8.970110	21.445610	26.564217	109.057289
8.980110	21.816189	24.063374	111.604988
8.990110	21.888586	21.073465	113.546051
9.000111	21.653339	17.782307	114.739174
9.010111	21.121603	14.410441	115.119873
9.020111	20.324615	11.175920	114.705605
9.030111	19.309935	8.262151	113.583809
9.040112	18.135466	5.796987	111.888016
9.050112	16.862772	3.846341	109.770195
9.060112	15.551049	2.420446	107.376907
9.070112	14.252689	1.487757	104.833572
9.080112	13.010734	0.991139	102.237427
9.090113	11.858052	0.862390	99.657433
9.100113	10.817821	1.033164	97.138359
9.110113	9.904795	1.441978	94.706612
9.120113	9.126967	2.037899	92.376083
9.130114	8.487293	2.781852	90.153198
9.140114	7.985298	3.646443	88.040771
9.150114	7.618472	4.614962	86.040817
9.160114	7.383418	5.680055	84.156532
9.170115	7.276756	6.842310	82.393723
9.180115	7.295814	8.108877	80.761894
9.190115	7.439118	9.492153	79.275276
9.200115	7.706714	11.008451	77.953903
9.210115	8.100328	12.676533	76.824852
9.220116	8.623354	14.515796	75.923706
9.230116	9.280643	16.543848	75.296219
9.240116	10.078045	18.773094	75.000038
9.250116	11.021588	21.205917	75.106148
9.260117	12.116212	23.827982	75.699409
9.270117	13.363858	26.599327	76.877129
9.280117	14.760802	29.443300	78.743988
9.290117	16.294107	32.234325	81.401131
9.300117	17.937298	34.787132	84.926964
9.310118	19.645681	36.852577	89.348068
9.320118	21.352350	38.127777	94.601585
9.330118	22.966572	38.289299	100.496353
9.340118	24.376852	37.054424	106.688034
9.350119	25.460691	34.264008	112.689301
9.360119	26.101456	29.963003	117.932220
9.370119	26.209660	24.440880	121.880028
9.380119	25.742731	18.199581	124.155411
9.390120	24.716108	11.847578	124.632538
9.400120	23.201078	5.958740	123.450920
9.410120	21.310070	0.954143	120.948692
9.420120	19.175020	-2.951951	117.552536
9.430120	16.926052	-5.738242	113.673325
9.440121	14.675793	-7.520411	109.639793
9.450121	12.511208	-8.485435	105.675835
9.460121	10.491984	-8.838141	101.909203
9.470121	8.653207	-8.767660	98.395004
9.480122	7.010072	-8.431726	95.141258
9.490122	5.563015	-7.953094	92.130051
9.500122	4.302332	-7.422527	89.332306
9.510122	3.211929	-6.904464	86.716820
9.520123	2.272135	-6.443124	84.255096
9.530123	1.461693	-6.068015	81.923378
9.540123	0.759087	-5.798501	79.703133
9.550123	0.143344	-5.647437	77.580734
9.560123	-0.405537	-5.623984	75.546852
9.570124	-0.906437	-5.735806	73.595879
9.580124	-1.377170	-5.990770	71.725449
9.590124	-1.834667	-6.398314	69.936256
9.600124	-2.295268	-6.970541	68.232101
9.610125	-2.775076	-7.723150	66.620277
9.620125	-3.290363	-8.676199	65.112343
9.630125	-3.857997	-9.854721	63.725342
9.640125	-4.495878	-11.289105	62.483612
9.650126	-5.223360	-13.015100	61.421322
9.660126	-6.061590	-15.073136	60.585922
9.670126	-7.033708	-17.506462	60.042713
9.680126	-8.164759	-20.357273	59.880608
9.690126	-9.481098	-23.659559	60.218937
9.700127	-11.008941	-27.426861	61.214523
9.710127	-12.771547	-31.632610	63.066933
9.720127	-14.784349	-36.180733	66.017662
9.730127	-17.047226	-40.865723	70.335480
9.740128	-19.533337	-45.326389	76.276123
9.750128	-22.174858	-49.008141	84.002823
9.760128	-24.848103	-51.165565	93.461189
9.770128	-27.364153	-50.952515	104.228302
9.780128	-29.474924	-47.638386	115.404373
9.790129	-30.904795	-40.926300	125.660408
9.800129	-31.409267	-31.235142	133.530472
9.810129	-30.844454	-19.734226	137.890564
9.820129	-29.215796	-8.019310	138.377991
9.830130	-26.678864	2.425816	135.482025
9.840130	-23.491323	10.667306	130.260605
9.850130	-19.942297	16.444904	123.897537
9.860130	-16.291321	20.014868	117.359703
9.870131	-12.734468	21.889509	111.263474
9.880131	-9.397111	22.621794	105.905632
9.890131	-6.343269	22.686319	101.363670
9.900131	-3.591283	22.440502	97.596100
9.910131	-1.129248	22.130604	94.514618
9.920132	1.072571	21.914558	92.026436
9.930132	3.052830	21.886177	90.054749
9.940132	4.853146	22.094620	88.546074
9.950132	6.514257	22.557871	87.470749
9.960133	8.073580	23.270895	86.820259
9.970133	9.563549	24.209648	86.603210
9.980133	11.010356	25.332079	86.840523
9.990133	12.432793	26.577148	87.559608
