0.400000	0.000602
0.400000	-0.000602
0.342116	0.286613
0.342116	-0.286613
0.206873	0.514466
0.206873	-0.514466
0.044639	0.682831
0.044639	-0.682831
-0.121515	0.808127
-0.121515	-0.808127
-0.283611	0.903418
-0.283611	-0.903418
-0.439166	0.977183
-0.439166	-0.977183
-0.587627	1.034909
-0.587627	-1.034909
-0.729133	1.080265
-0.729133	-1.080265
-0.864057	1.115804
-0.864057	-1.115804
-0.992830	1.143365
-0.992830	-1.143365
-1.115883	1.164314
-1.115883	-1.164314
-1.233611	1.179692
-1.233611	-1.179692
-1.346375	1.190312
-1.346375	-1.190312
-1.454496	1.196820
-1.454496	-1.196820
-1.558262	1.199739
-1.558262	-1.199739
-1.657928	1.199497
-1.657928	-1.199497
-1.753723	1.196450
-1.753723	-1.196450
-1.845850	1.190899
-1.845850	-1.190899
-1.934493	1.183098
-1.934493	-1.183098
-2.019816	1.173265
-2.019816	-1.173265
-2.101968	1.161589
-2.101968	-1.161589
-2.181084	1.148235
-2.181084	-1.148235
-2.257287	1.133345
-2.257287	-1.133345
-2.330687	1.117047
-2.330687	-1.117047
-2.401386	1.099455
-2.401386	-1.099455
-2.469478	1.080668
-2.469478	-1.080668
-2.535048	1.060776
-2.535048	-1.060776
-2.598174	1.039862
-2.598174	-1.039862
-2.658929	1.017999
-2.658929	-1.017999
-2.717379	0.995253
-2.717379	-0.995253
-2.773586	0.971684
-2.773586	-0.971684
-2.827608	0.947350
-2.827608	-0.947350
-2.879497	0.922301
-2.879497	-0.922301
-2.929302	0.896585
-2.929302	-0.896585
-2.977069	0.870245
-2.977069	-0.870245
-3.022840	0.843321
-3.022840	-0.843321
-3.066655	0.815851
-3.066655	-0.815851
-3.108551	0.787870
-3.108551	-0.787870
-3.148561	0.759411
-3.148561	-0.759411
-3.186717	0.730505
-3.186717	-0.730505
-3.223050	0.701182
-3.223050	-0.701182
-3.257586	0.671467
-3.257586	-0.671467
-3.290351	0.641386
-3.290351	-0.641386
-3.321370	0.610966
-3.321370	-0.610966
-3.350663	0.580228
-3.350663	-0.580228
-3.378252	0.549195
-3.378252	-0.549195
-3.404156	0.517887
-3.404156	-0.517887
-3.428392	0.486326
-3.428392	-0.486326
-3.450977	0.454531
-3.450977	-0.454531
-3.471925	0.422520
-3.471925	-0.422520
-3.491250	0.390311
-3.491250	-0.390311
-3.508964	0.357923
-3.508964	-0.357923
-3.525078	0.325370
-3.525078	-0.325370
-3.539604	0.292672
-3.539604	-0.292672
-3.552549	0.259844
-3.552549	-0.259844
-3.563922	0.226901
-3.563922	-0.226901
-3.573730	0.193856
-3.573730	-0.193856
-3.581979	0.160726
-3.581979	-0.160726
-3.588674	0.127525
-3.588674	-0.127525
-3.593818	0.094278
-3.593818	-0.094278
-3.597416	0.060984
-3.597416	-0.060984
-3.599469	0.027651
-3.599469	-0.027651
-3.599977	0.005696
-3.599977	-0.005696
-3.598943	0.039001
-3.598943	-0.039001
-3.596365	0.072306
-3.596365	-0.072306
-3.592242	0.105597
-3.592242	-0.105597
-3.586570	0.138832
-3.586570	-0.138832
-3.579348	0.172005
-3.579348	-0.172005
-3.570569	0.205110
-3.570569	-0.205110
-3.560229	0.238121
-3.560229	-0.238121
-3.548322	0.271025
-3.548322	-0.271025
-3.534840	0.303813
-3.534840	-0.303813
-3.519775	0.336464
-3.519775	-0.336464
-3.503117	0.368960
-3.503117	-0.368960
-3.484856	0.401291
-3.484856	-0.401291
-3.464981	0.433434
-3.464981	-0.433434
-3.443478	0.465374
-3.443478	-0.465374
-3.420333	0.497092
-3.420333	-0.497092
-3.395531	0.528568
-3.395531	-0.528568
-3.369056	0.559784
-3.369056	-0.559784
-3.340889	0.590720
-3.340889	-0.590720
-3.311011	0.621353
-3.311011	-0.621353
-3.279401	0.651660
-3.279401	-0.651660
-3.246035	0.681619
-3.246035	-0.681619
-3.210891	0.711204
-3.210891	-0.711204
-3.173941	0.740389
-3.173941	-0.740389
-3.135157	0.769146
-3.135157	-0.769146
-3.094509	0.797446
-3.094509	-0.797446
-3.051964	0.825257
-3.051964	-0.825257
-3.007487	0.852545
-3.007487	-0.852545
-2.961041	0.879275
-2.961041	-0.879275
-2.912585	0.905408
-2.912585	-0.905408
-2.862077	0.930902
-2.862077	-0.930902
-2.809467	0.955714
-2.809467	-0.955714
-2.754708	0.979793
-2.754708	-0.979793
-2.697744	1.003088
-2.697744	-1.003088
-2.638516	1.025541
-2.638516	-1.025541
-2.576962	1.047090
-2.576962	-1.047090
-2.513012	1.067664
-2.513012	-1.067664
-2.446593	1.087189
-2.446593	-1.087189
-2.377624	1.105581
-2.377624	-1.105581
-2.306016	1.122744
-2.306016	-1.122744
-2.231673	1.138576
-2.231673	-1.138576
-2.154491	1.152959
-2.154491	-1.152959
-2.074356	1.165760
-2.074356	-1.165760
-1.991139	1.176828
-1.991139	-1.176828
-1.904704	1.185992
-1.904704	-1.185992
-1.814894	1.193053
-1.814894	-1.193053
-1.721540	1.197782
-1.721540	-1.197782
-1.624452	1.199910
-1.624452	-1.199910
-1.523417	1.199120
-1.523417	-1.199120
-1.418199	1.195032
-1.418199	-1.195032
-1.308531	1.187189
-1.308531	-1.187189
-1.194114	1.175029
-1.194114	-1.175029
-1.074616	1.157856
-1.074616	-1.157856
-0.949662	1.134787
-0.949662	-1.134787
-0.818844	1.104684
-0.818844	-1.104684
-0.681727	1.066039
-0.681727	-1.066039
-0.537888	1.016804
-0.537888	-1.016804
-0.387006	0.954103
-0.387006	-0.954103
-0.229104	0.873746
-0.229104	-0.873746
-0.065183	0.769390
-0.065183	-0.769390
0.101004	0.631166
0.101004	-0.631166
0.257860	0.444307
0.257860	-0.444307
0.373639	0.194188
0.373639	-0.194188
