0.000000  0.000000
0.100000  0.100000
0.200000  0.200000
0.300000  0.300000
0.400000  0.400000
0.500000  0.500000
0.600000  0.600000
0.700000  0.700000
0.800000  0.800000
0.900000  0.900000
1.000000  1.000000
1.100000  0.900000
1.200000  0.800000
1.300000  0.700000
1.400000  0.600000
1.500000  0.500000
1.600000  0.400000
1.700000  0.300000
1.800000  0.200000
1.900000  0.100000
2.000000  0.000000
2.100000  0.100000
2.200000  0.200000
2.300000  0.300000
2.400000  0.400000
2.500000  0.500000
2.600000  0.600000
2.700000  0.700000
2.799999  0.799999
2.899999  0.899999
2.999999  0.999999
3.099999  0.900001
3.199999  0.800001
3.299999  0.700001
3.399999  0.600001
3.499999  0.500001
3.599999  0.400001
3.699999  0.300001
3.799999  0.200001
3.899998  0.100002
3.999998  0.000002
4.099998  0.099998
4.199998  0.199998
4.299998  0.299998
4.399998  0.399998
4.499998  0.499998
4.599998  0.599998
4.699998  0.699998
4.799998  0.799998
4.899998  0.899998
4.999998  0.999998
5.099998  0.900002
5.199997  0.800003
5.299997  0.700003
5.399997  0.600003
5.499997  0.500003
5.599997  0.400003
5.699997  0.300003
5.799997  0.200003
5.899997  0.100003
5.999997  0.000003
6.099997  0.099997
6.199996  0.199996
6.299996  0.299996
6.399996  0.399996
6.499996  0.499996
6.599996  0.599996
6.699996  0.699996
6.799996  0.799996
6.899996  0.899996
6.999996  0.999996
7.099996  0.900004
7.199996  0.800004
7.299995  0.700005
7.399995  0.600005
7.499995  0.500005
7.599995  0.400005
7.699995  0.300005
7.799995  0.200005
7.899995  0.100005
7.999995  0.000005
8.099995  0.099995
8.199995  0.199995
8.299995  0.299995
8.399996  0.399996
8.499996  0.499996
8.599997  0.599997
8.699997  0.699997
8.799997  0.799997
8.899998  0.899998
8.999998  0.999998
9.099998  0.900002
9.199999  0.800001
9.299999  0.700001
9.400000  0.600000
9.500000  0.500000
9.600000  0.400000
9.700001  0.299999
9.800001  0.199999
9.900002  0.099998
10.000002  0.000002
10.100002  0.100002
10.200003  0.200003
10.300003  0.300003
10.400003  0.400003
10.500004  0.500004
10.600004  0.600004
10.700005  0.700005
10.800005  0.800005
10.900005  0.900005
11.000006  0.999994
11.100006  0.899994
11.200006  0.799994
11.300007  0.699993
11.400007  0.599993
11.500008  0.499992
11.600008  0.399992
11.700008  0.299992
11.800009  0.199991
11.900009  0.099991
12.000010  0.000010
12.100010  0.100010
12.200010  0.200010
12.300011  0.300011
12.400011  0.400011
12.500011  0.500011
12.600012  0.600012
12.700012  0.700012
12.800013  0.800013
12.900013  0.900013
13.000013  0.999987
13.100014  0.899986
13.200014  0.799986
13.300014  0.699986
13.400015  0.599985
13.500015  0.499985
13.600016  0.399984
13.700016  0.299984
13.800016  0.199984
13.900017  0.099983
14.000017  0.000017
14.100018  0.100018
14.200018  0.200018
14.300018  0.300018
14.400019  0.400019
14.500019  0.500019
14.600019  0.600019
14.700020  0.700020
14.800020  0.800020
14.900021  0.900021
15.000021  0.999979
15.100021  0.899979
15.200022  0.799978
15.300022  0.699978
15.400023  0.599977
15.500023  0.499977
15.600023  0.399977
15.700024  0.299976
15.800024  0.199976
15.900024  0.099976
16.000025  0.000025
16.100025  0.100025
16.200026  0.200026
16.300026  0.300026
16.400026  0.400026
16.500027  0.500027
16.600027  0.600027
16.700027  0.700027
16.800028  0.800028
16.900028  0.900028
17.000029  0.999971
17.100029  0.899971
17.200029  0.799971
17.300030  0.699970
17.400030  0.599970
17.500031  0.499969
17.600031  0.399969
17.700031  0.299969
17.800032  0.199968
17.900032  0.099968
18.000032  0.000032
18.100033  0.100033
18.200033  0.200033
18.300034  0.300034
18.400034  0.400034
18.500034  0.500034
18.600035  0.600035
18.700035  0.700035
18.800035  0.800035
18.900036  0.900036
19.000036  0.999964
19.100037  0.899963
19.200037  0.799963
19.300037  0.699963
19.400038  0.599962
19.500038  0.499962
19.600039  0.399961
19.700039  0.299961
19.800039  0.199961
19.900040  0.099960

 
1.300000   1.000000 
1.298501   1.029950 
1.294020   1.059601 
1.286601   1.088656 
1.276318   1.116826 
1.263275   1.143828 
1.247601   1.169393 
1.229453   1.193265 
1.209012   1.215207 
1.186483   1.234998 
1.162091   1.252441 
1.136079   1.267362 
1.108707   1.279612 
1.080250   1.289067 
1.050990   1.295635 
1.021221   1.299249 
0.991240   1.299872 
0.961347   1.297499 
0.931839   1.292154 
0.903013   1.283890 
0.875156   1.272789 
0.848546   1.258963 
0.823450   1.242549 
0.800117   1.223712 
0.778782   1.202639 
0.759657   1.179542 
0.742933   1.154651 
0.728778   1.128214 
0.717333   1.100497 
0.708713   1.071775 
0.703002   1.042336 
0.700259   1.012474 
0.700512   0.982488 
0.703756   0.952677 
0.709960   0.923338 
0.719063   0.894765 
0.730972   0.867244 
0.745570   0.841050 
0.762709   0.816443 
0.782220   0.793670 
0.803907   0.772960 
0.827552   0.754517 
0.852921   0.738527 
0.879760   0.725150 
0.907800   0.714520 
0.936761   0.706741 
0.966354   0.701893 
0.996283   0.700023 
1.026249   0.701151 
1.055953   0.705264 
1.085098   0.712323 
1.113393   0.722255 
1.140554   0.734963 
1.166312   0.750319 
1.190407   0.768170 
1.212600   0.788337 
1.232669   0.810619 
1.250413   0.834794 
1.265655   0.860619 
1.278243   0.887836 
1.288051   0.916174 
1.294980   0.945350 
1.298963   0.975072 
3.300000   1.000000 
3.298501   1.029950 
3.294020   1.059601 
3.286601   1.088656 
3.276318   1.116826 
3.263275   1.143828 
3.247601   1.169393 
3.229453   1.193265 
3.209012   1.215207 
3.186483   1.234998 
3.162091   1.252441 
3.136079   1.267362 
3.108707   1.279612 
3.080250   1.289067 
3.050990   1.295635 
3.021221   1.299249 
2.991240   1.299872 
2.961347   1.297499 
2.931839   1.292154 
2.903013   1.283890 
2.875156   1.272789 
2.848546   1.258963 
2.823450   1.242549 
2.800117   1.223712 
2.778782   1.202639 
2.759657   1.179542 
2.742933   1.154651 
2.728778   1.128214 
2.717333   1.100497 
2.708713   1.071775 
2.703002   1.042336 
2.700259   1.012474 
2.700512   0.982488 
2.703756   0.952677 
2.709960   0.923338 
2.719063   0.894765 
2.730972   0.867244 
2.745570   0.841050 
2.762709   0.816443 
2.782220   0.793670 
2.803907   0.772960 
2.827552   0.754517 
2.852921   0.738527 
2.879760   0.725150 
2.907800   0.714520 
2.936761   0.706741 
2.966354   0.701893 
2.996283   0.700023 
3.026249   0.701151 
3.055953   0.705264 
3.085098   0.712323 
3.113393   0.722255 
3.140554   0.734963 
3.166312   0.750319 
3.190407   0.768170 
3.212600   0.788337 
3.232669   0.810619 
3.250413   0.834794 
3.265655   0.860619 
3.278243   0.887836 
3.288051   0.916174 
3.294980   0.945350 
3.298963   0.975072 
5.300000   1.000000 
5.298501   1.029950 
5.294020   1.059601 
5.286601   1.088656 
5.276318   1.116826 
5.263275   1.143828 
5.247601   1.169393 
5.229453   1.193265 
5.209012   1.215207 
5.186483   1.234998 
5.162091   1.252441 
5.136079   1.267362 
5.108707   1.279612 
5.080250   1.289067 
5.050990   1.295635 
5.021221   1.299249 
4.991240   1.299872 
4.961347   1.297499 
4.931839   1.292154 
4.903013   1.283890 
4.875156   1.272789 
4.848546   1.258963 
4.823450   1.242549 
4.800117   1.223712 
4.778782   1.202639 
4.759657   1.179542 
4.742933   1.154651 
4.728778   1.128214 
4.717333   1.100497 
4.708713   1.071775 
4.703002   1.042336 
4.700259   1.012474 
4.700512   0.982488 
4.703756   0.952677 
4.709960   0.923338 
4.719063   0.894765 
4.730972   0.867244 
4.745570   0.841050 
4.762709   0.816443 
4.782220   0.793670 
4.803907   0.772960 
4.827552   0.754517 
4.852921   0.738527 
4.879760   0.725150 
4.907800   0.714520 
4.936761   0.706741 
4.966354   0.701893 
4.996283   0.700023 
5.026249   0.701151 
5.055953   0.705264 
5.085098   0.712323 
5.113393   0.722255 
5.140554   0.734963 
5.166312   0.750319 
5.190407   0.768170 
5.212600   0.788337 
5.232669   0.810619 
5.250413   0.834794 
5.265655   0.860619 
5.278243   0.887836 
5.288051   0.916174 
5.294980   0.945350 
5.298963   0.975072 
7.300000   1.000000 
7.298501   1.029950 
7.294020   1.059601 
7.286601   1.088656 
7.276318   1.116826 
7.263275   1.143828 
7.247601   1.169393 
7.229453   1.193265 
7.209012   1.215207 
7.186483   1.234998 
7.162091   1.252441 
7.136079   1.267362 
7.108707   1.279612 
7.080250   1.289067 
7.050990   1.295635 
7.021221   1.299249 
6.991240   1.299872 
6.961347   1.297499 
6.931839   1.292154 
6.903013   1.283890 
6.875156   1.272789 
6.848546   1.258963 
6.823450   1.242549 
6.800117   1.223712 
6.778782   1.202639 
6.759657   1.179542 
6.742933   1.154651 
6.728778   1.128214 
6.717333   1.100497 
6.708713   1.071775 
6.703002   1.042336 
6.700259   1.012474 
6.700512   0.982488 
6.703756   0.952677 
6.709960   0.923338 
6.719063   0.894765 
6.730972   0.867244 
6.745570   0.841050 
6.762709   0.816443 
6.782220   0.793670 
6.803907   0.772960 
6.827552   0.754517 
6.852921   0.738527 
6.879760   0.725150 
6.907800   0.714520 
6.936761   0.706741 
6.966354   0.701893 
6.996283   0.700023 
7.026249   0.701151 
7.055953   0.705264 
7.085098   0.712323 
7.113393   0.722255 
7.140554   0.734963 
7.166312   0.750319 
7.190407   0.768170 
7.212600   0.788337 
7.232669   0.810619 
7.250413   0.834794 
7.265655   0.860619 
7.278243   0.887836 
7.288051   0.916174 
7.294980   0.945350 
7.298963   0.975072 
9.300000   1.000000 
9.298501   1.029950 
9.294020   1.059601 
9.286601   1.088656 
9.276318   1.116826 
9.263275   1.143828 
9.247601   1.169393 
9.229453   1.193265 
9.209012   1.215207 
9.186483   1.234998 
9.162091   1.252441 
9.136079   1.267362 
9.108707   1.279612 
9.080250   1.289067 
9.050990   1.295635 
9.021221   1.299249 
8.991240   1.299872 
8.961347   1.297499 
8.931839   1.292154 
8.903013   1.283890 
8.875156   1.272789 
8.848546   1.258963 
8.823450   1.242549 
8.800117   1.223712 
8.778782   1.202639 
8.759657   1.179542 
8.742933   1.154651 
8.728778   1.128214 
8.717333   1.100497 
8.708713   1.071775 
8.703002   1.042336 
8.700259   1.012474 
8.700512   0.982488 
8.703756   0.952677 
8.709960   0.923338 
8.719063   0.894765 
8.730972   0.867244 
8.745570   0.841050 
8.762709   0.816443 
8.782220   0.793670 
8.803907   0.772960 
8.827552   0.754517 
8.852921   0.738527 
8.879760   0.725150 
8.907800   0.714520 
8.936761   0.706741 
8.966354   0.701893 
8.996283   0.700023 
9.026249   0.701151 
9.055953   0.705264 
9.085098   0.712323 
9.113393   0.722255 
9.140554   0.734963 
9.166312   0.750319 
9.190407   0.768170 
9.212600   0.788337 
9.232669   0.810619 
9.250413   0.834794 
9.265655   0.860619 
9.278243   0.887836 
9.288051   0.916174 
9.294980   0.945350 
9.298963   0.975072 
11.300000   1.000000 
11.298501   1.029950 
11.294020   1.059601 
11.286601   1.088656 
11.276318   1.116826 
11.263275   1.143828 
11.247601   1.169393 
11.229453   1.193265 
11.209012   1.215207 
11.186483   1.234998 
11.162091   1.252441 
11.136079   1.267362 
11.108707   1.279612 
11.080250   1.289067 
11.050990   1.295635 
11.021221   1.299249 
10.991240   1.299872 
10.961347   1.297499 
10.931839   1.292154 
10.903013   1.283890 
10.875156   1.272789 
10.848546   1.258963 
10.823450   1.242549 
10.800117   1.223712 
10.778782   1.202639 
10.759657   1.179542 
10.742933   1.154651 
10.728778   1.128214 
10.717333   1.100497 
10.708713   1.071775 
10.703002   1.042336 
10.700259   1.012474 
10.700512   0.982488 
10.703756   0.952677 
10.709960   0.923338 
10.719063   0.894765 
10.730972   0.867244 
10.745570   0.841050 
10.762709   0.816443 
10.782220   0.793670 
10.803907   0.772960 
10.827552   0.754517 
10.852921   0.738527 
10.879760   0.725150 
10.907800   0.714520 
10.936761   0.706741 
10.966354   0.701893 
10.996283   0.700023 
11.026249   0.701151 
11.055953   0.705264 
11.085098   0.712323 
11.113393   0.722255 
11.140554   0.734963 
11.166312   0.750319 
11.190407   0.768170 
11.212600   0.788337 
11.232669   0.810619 
11.250413   0.834794 
11.265655   0.860619 
11.278243   0.887836 
11.288051   0.916174 
11.294980   0.945350 
11.298963   0.975072 
13.300000   1.000000 
13.298501   1.029950 
13.294020   1.059601 
13.286601   1.088656 
13.276318   1.116826 
13.263275   1.143828 
13.247601   1.169393 
13.229453   1.193265 
13.209012   1.215207 
13.186483   1.234998 
13.162091   1.252441 
13.136079   1.267362 
13.108707   1.279612 
13.080250   1.289067 
13.050990   1.295635 
13.021221   1.299249 
12.991240   1.299872 
12.961347   1.297499 
12.931839   1.292154 
12.903013   1.283890 
12.875156   1.272789 
12.848546   1.258963 
12.823450   1.242549 
12.800117   1.223712 
12.778782   1.202639 
12.759657   1.179542 
12.742933   1.154651 
12.728778   1.128214 
12.717333   1.100497 
12.708713   1.071775 
12.703002   1.042336 
12.700259   1.012474 
12.700512   0.982488 
12.703756   0.952677 
12.709960   0.923338 
12.719063   0.894765 
12.730972   0.867244 
12.745570   0.841050 
12.762709   0.816443 
12.782220   0.793670 
12.803907   0.772960 
12.827552   0.754517 
12.852921   0.738527 
12.879760   0.725150 
12.907800   0.714520 
12.936761   0.706741 
12.966354   0.701893 
12.996283   0.700023 
13.026249   0.701151 
13.055953   0.705264 
13.085098   0.712323 
13.113393   0.722255 
13.140554   0.734963 
13.166312   0.750319 
13.190407   0.768170 
13.212600   0.788337 
13.232669   0.810619 
13.250413   0.834794 
13.265655   0.860619 
13.278243   0.887836 
13.288051   0.916174 
13.294980   0.945350 
13.298963   0.975072 
15.300000   1.000000 
15.298501   1.029950 
15.294020   1.059601 
15.286601   1.088656 
15.276318   1.116826 
15.263275   1.143828 
15.247601   1.169393 
15.229453   1.193265 
15.209012   1.215207 
15.186483   1.234998 
15.162091   1.252441 
15.136079   1.267362 
15.108707   1.279612 
15.080250   1.289067 
15.050990   1.295635 
15.021221   1.299249 
14.991240   1.299872 
14.961347   1.297499 
14.931839   1.292154 
14.903013   1.283890 
14.875156   1.272789 
14.848546   1.258963 
14.823450   1.242549 
14.800117   1.223712 
14.778782   1.202639 
14.759657   1.179542 
14.742933   1.154651 
14.728778   1.128214 
14.717333   1.100497 
14.708713   1.071775 
14.703002   1.042336 
14.700259   1.012474 
14.700512   0.982488 
14.703756   0.952677 
14.709960   0.923338 
14.719063   0.894765 
14.730972   0.867244 
14.745570   0.841050 
14.762709   0.816443 
14.782220   0.793670 
14.803907   0.772960 
14.827552   0.754517 
14.852921   0.738527 
14.879760   0.725150 
14.907800   0.714520 
14.936761   0.706741 
14.966354   0.701893 
14.996283   0.700023 
15.026249   0.701151 
15.055953   0.705264 
15.085098   0.712323 
15.113393   0.722255 
15.140554   0.734963 
15.166312   0.750319 
15.190407   0.768170 
15.212600   0.788337 
15.232669   0.810619 
15.250413   0.834794 
15.265655   0.860619 
15.278243   0.887836 
15.288051   0.916174 
15.294980   0.945350 
15.298963   0.975072 
17.300000   1.000000 
17.298501   1.029950 
17.294020   1.059601 
17.286601   1.088656 
17.276318   1.116826 
17.263275   1.143828 
17.247601   1.169393 
17.229453   1.193265 
17.209012   1.215207 
17.186483   1.234998 
17.162091   1.252441 
17.136079   1.267362 
17.108707   1.279612 
17.080250   1.289067 
17.050990   1.295635 
17.021221   1.299249 
16.991240   1.299872 
16.961347   1.297499 
16.931839   1.292154 
16.903013   1.283890 
16.875156   1.272789 
16.848546   1.258963 
16.823450   1.242549 
16.800117   1.223712 
16.778782   1.202639 
16.759657   1.179542 
16.742933   1.154651 
16.728778   1.128214 
16.717333   1.100497 
16.708713   1.071775 
16.703002   1.042336 
16.700259   1.012474 
16.700512   0.982488 
16.703756   0.952677 
16.709960   0.923338 
16.719063   0.894765 
16.730972   0.867244 
16.745570   0.841050 
16.762709   0.816443 
16.782220   0.793670 
16.803907   0.772960 
16.827552   0.754517 
16.852921   0.738527 
16.879760   0.725150 
16.907800   0.714520 
16.936761   0.706741 
16.966354   0.701893 
16.996283   0.700023 
17.026249   0.701151 
17.055953   0.705264 
17.085098   0.712323 
17.113393   0.722255 
17.140554   0.734963 
17.166312   0.750319 
17.190407   0.768170 
17.212600   0.788337 
17.232669   0.810619 
17.250413   0.834794 
17.265655   0.860619 
17.278243   0.887836 
17.288051   0.916174 
17.294980   0.945350 
17.298963   0.975072 
19.300000   1.000000 
19.298501   1.029950 
19.294020   1.059601 
19.286601   1.088656 
19.276318   1.116826 
19.263275   1.143828 
19.247601   1.169393 
19.229453   1.193265 
19.209012   1.215207 
19.186483   1.234998 
19.162091   1.252441 
19.136079   1.267362 
19.108707   1.279612 
19.080250   1.289067 
19.050990   1.295635 
19.021221   1.299249 
18.991240   1.299872 
18.961347   1.297499 
18.931839   1.292154 
18.903013   1.283890 
18.875156   1.272789 
18.848546   1.258963 
18.823450   1.242549 
18.800117   1.223712 
18.778782   1.202639 
18.759657   1.179542 
18.742933   1.154651 
18.728778   1.128214 
18.717333   1.100497 
18.708713   1.071775 
18.703002   1.042336 
18.700259   1.012474 
18.700512   0.982488 
18.703756   0.952677 
18.709960   0.923338 
18.719063   0.894765 
18.730972   0.867244 
18.745570   0.841050 
18.762709   0.816443 
18.782220   0.793670 
18.803907   0.772960 
18.827552   0.754517 
18.852921   0.738527 
18.879760   0.725150 
18.907800   0.714520 
18.936761   0.706741 
18.966354   0.701893 
18.996283   0.700023 
19.026249   0.701151 
19.055953   0.705264 
19.085098   0.712323 
19.113393   0.722255 
19.140554   0.734963 
19.166312   0.750319 
19.190407   0.768170 
19.212600   0.788337 
19.232669   0.810619 
19.250413   0.834794 
19.265655   0.860619 
19.278243   0.887836 
19.288051   0.916174 
19.294980   0.945350 
19.298963   0.975072 
