0.000000	0.000000	1.000000
0.050000	0.049998	0.999829
0.100000	0.099966	0.998645
0.150000	0.149829	0.995486
0.200000	0.199466	0.989437
0.250000	0.248711	0.979644
0.300000	0.297355	0.965309
0.350000	0.345154	0.945707
0.400000	0.391827	0.920184
0.450000	0.437064	0.888177
0.500000	0.480529	0.849215
0.550000	0.521864	0.802933
0.600000	0.560696	0.749083
0.650000	0.596644	0.687546
0.700000	0.629322	0.618336
0.750000	0.658352	0.541612
0.800000	0.683363	0.457684
0.850000	0.704008	0.367018
0.900000	0.719963	0.270240
0.950000	0.730943	0.168131
1.000000	0.736703	0.061629
1.050000	0.737051	-0.048180
1.100000	0.731850	-0.160072
1.150000	0.721031	-0.272699
1.200000	0.704592	-0.384605
1.250000	0.682608	-0.494247
1.300000	0.655232	-0.600023
1.350000	0.622698	-0.700297
1.400000	0.585322	-0.793431
1.450000	0.543501	-0.877818
1.500000	0.497711	-0.951919
1.550000	0.448504	-1.014296
1.600000	0.396499	-1.063655
1.650000	0.342375	-1.098877
1.700000	0.286862	-1.119055
1.750000	0.230731	-1.123528
1.800000	0.174778	-1.111906
1.850000	0.119811	-1.084097
1.900000	0.066635	-1.040325
1.950000	0.016036	-0.981142
2.000000	-0.031237	-0.907430
2.050000	-0.074485	-0.820403
2.100000	-0.113080	-0.721588
2.150000	-0.146477	-0.612807
2.200000	-0.174229	-0.496148
2.250000	-0.195999	-0.373926
2.300000	-0.211571	-0.248632
2.350000	-0.220855	-0.122884
2.400000	-0.223896	0.000637
2.450000	-0.220873	0.119250
2.500000	-0.212097	0.230347
2.550000	-0.198006	0.331458
2.600000	-0.179156	0.420325
2.650000	-0.156211	0.494966
2.700000	-0.129924	0.553739
2.750000	-0.101123	0.595394
2.800000	-0.070684	0.619120
2.850000	-0.039516	0.624581
2.900000	-0.008529	0.611934
2.950000	0.021386	0.581835
3.000000	0.049382	0.535435
3.050000	0.074684	0.474352
3.100000	0.096607	0.400634
3.150000	0.114577	0.316703
3.200000	0.128152	0.225284
3.250000	0.137030	0.129330
3.300000	0.141061	0.031927
3.350000	0.140250	-0.063804
3.400000	0.134759	-0.154805
3.450000	0.124897	-0.238185
3.500000	0.111112	-0.311321
3.550000	0.093974	-0.371944
3.600000	0.074157	-0.418228
3.650000	0.052413	-0.448850
3.700000	0.029547	-0.463045
3.750000	0.006386	-0.460636
3.800000	-0.016246	-0.442043
3.850000	-0.037564	-0.408270
3.900000	-0.056845	-0.360873
3.950000	-0.073458	-0.301899
4.000000	-0.086883	-0.233812
4.050000	-0.096733	-0.159400
4.100000	-0.102767	-0.081661
4.150000	-0.104896	-0.003691
4.200000	-0.103184	0.071443
4.250000	-0.097848	0.140826
4.300000	-0.089242	0.201817
4.350000	-0.077844	0.252152
4.400000	-0.064235	0.290046
4.450000	-0.049068	0.314258
4.500000	-0.033048	0.324150
4.550000	-0.016893	0.319708
4.600000	-0.001307	0.301542
4.650000	0.013051	0.270853
4.700000	0.025598	0.229380
4.750000	0.035846	0.179315
4.800000	0.043428	0.123201
4.850000	0.048111	0.063813
4.900000	0.049803	0.004025
4.950000	0.048554	-0.053324
5.000000	0.044556	-0.105565
5.050000	0.038123	-0.150327
5.100000	0.029681	-0.185649
5.150000	0.019741	-0.210069
5.200000	0.008872	-0.222698
5.250000	-0.002327	-0.223251
5.300000	-0.013257	-0.212060
5.350000	-0.023352	-0.190047
5.400000	-0.032105	-0.158672
5.450000	-0.039094	-0.119850
5.500000	-0.044003	-0.075844
5.550000	-0.046634	-0.029143
5.600000	-0.046915	0.017676
5.650000	-0.044906	0.062085
5.700000	-0.040786	0.101745
5.750000	-0.034845	0.134629
5.800000	-0.027464	0.159130
5.850000	-0.019091	0.174144
5.900000	-0.010218	0.179128
5.950000	-0.001346	0.174118
6.000000	0.007037	0.159718
6.050000	0.014488	0.137061
6.100000	0.020631	0.107729
6.150000	0.025181	0.073656
6.200000	0.027954	0.037009
6.250000	0.028877	0.000050
6.300000	0.027991	-0.034995
6.350000	0.025444	-0.066075
6.400000	0.021479	-0.091435
6.450000	0.016419	-0.109717
6.500000	0.010641	-0.120038
6.550000	0.004555	-0.122036
6.600000	-0.001426	-0.115885
6.650000	-0.006909	-0.102270
6.700000	-0.011547	-0.082336
6.750000	-0.015062	-0.057604
6.800000	-0.017257	-0.029867
6.850000	-0.018031	-0.001065
6.900000	-0.017379	0.026847
6.950000	-0.015392	0.052024
7.000000	-0.012249	0.072857
7.050000	-0.008200	0.088075
7.100000	-0.003550	0.096823
7.150000	0.001367	0.098712
7.200000	0.006208	0.093838
7.250000	0.010647	0.082761
7.300000	0.014396	0.066459
7.350000	0.017227	0.046250
7.400000	0.018982	0.023690
7.450000	0.019585	0.000457
7.500000	0.019044	-0.021772
7.550000	0.017451	-0.041441
7.600000	0.014965	-0.057224
7.650000	0.011810	-0.068120
7.700000	0.008246	-0.073518
7.750000	0.004554	-0.073230
7.800000	0.001014	-0.067500
7.850000	-0.002116	-0.056971
7.900000	-0.004619	-0.042630
7.950000	-0.006336	-0.025722
8.000000	-0.007172	-0.007650
8.050000	-0.007106	0.010137
8.100000	-0.006186	0.026256
8.150000	-0.004528	0.039500
8.200000	-0.002300	0.048926
8.250000	0.000290	0.053922
8.300000	0.003014	0.054248
8.350000	0.005639	0.050046
8.400000	0.007951	0.041822
8.450000	0.009767	0.030387
8.500000	0.010953	0.016795
8.550000	0.011431	0.002241
8.600000	0.011182	-0.012038
8.650000	0.010251	-0.024863
8.700000	0.008737	-0.035214
8.750000	0.006784	-0.042310
8.800000	0.004569	-0.045667
8.850000	0.002283	-0.045131
8.900000	0.000118	-0.040885
8.950000	-0.001751	-0.033420
9.000000	-0.003182	-0.023487
9.050000	-0.004074	-0.012023
9.100000	-0.004376	-0.000067
9.150000	-0.004090	0.011338
9.200000	-0.003268	0.021235
9.250000	-0.002005	0.028836
9.300000	-0.000432	0.033587
9.350000	0.001301	0.035213
9.400000	0.003037	0.033733
9.450000	0.004627	0.029453
9.500000	0.005944	0.022927
9.550000	0.006895	0.014905
9.600000	0.007424	0.006254
9.650000	0.007525	-0.002124
9.700000	0.007231	-0.009374
9.750000	0.006618	-0.014768
9.800000	0.005794	-0.017768
9.850000	0.004887	-0.018069
9.900000	0.004034	-0.015624
9.950000	0.003367	-0.010636
